0 0.028385416666666666 0.32407407407407407 0.0390625 0.16296296296296298
0 0.07369791666666667 0.3314814814814815 0.0328125 0.12962962962962962
0 0.3723958333333333 0.16574074074074074 0.025 0.12407407407407407
0 0.5567708333333333 0.05555555555555556 0.01875 0.10370370370370371
0 0.5872395833333334 0.052314814814814814 0.024479166666666666 0.10462962962962963
0 0.86015625 0.05092592592592593 0.027604166666666666 0.0962962962962963
0 0.4908854166666667 0.14814814814814814 0.0265625 0.12407407407407407
0 0.7859375 0.10231481481481482 0.026041666666666668 0.125
0 0.8994791666666666 0.07777777777777778 0.022916666666666665 0.12222222222222223
0 0.24765625 0.33425925925925926 0.0296875 0.14814814814814814
0 0.7856770833333333 0.7810185185185186 0.0640625 0.23240740740740742
0 0.23046875 0.3199074074074074 0.0328125 0.16944444444444445
0 0.44609375 0.2967592592592593 0.03802083333333333 0.16574074074074074
0 0.15052083333333333 0.3189814814814815 0.0375 0.18425925925925926
0 0.5033854166666667 0.32175925925925924 0.0359375 0.18055555555555555
0 0.68828125 0.19907407407407407 0.0390625 0.1425925925925926
0 0.37265625 0.3189814814814815 0.0421875 0.17314814814814816
0 0.5484375 0.3277777777777778 0.036458333333333336 0.18703703703703706
0 0.6434895833333333 0.26944444444444443 0.0359375 0.1537037037037037
0 0.1828125 0.3300925925925926 0.03958333333333333 0.1824074074074074
0 0.9252604166666667 0.3601851851851852 0.049479166666666664 0.17777777777777778
