0 0.9927083333333333 0.8939814814814815 0.015625 0.18981481481481483
0 0.36953125 0.21157407407407408 0.033854166666666664 0.10833333333333334
0 0.04192708333333333 0.40740740740740744 0.03802083333333333 0.17592592592592593
0 0.3421875 0.20370370370370372 0.03229166666666666 0.1462962962962963
0 0.9283854166666666 0.6944444444444444 0.0328125 0.14444444444444446
0 0.2578125 0.25601851851851853 0.03854166666666667 0.15462962962962964
0 0.8997395833333334 0.04212962962962963 0.0296875 0.08425925925925926
0 0.4421875 0.8435185185185186 0.05416666666666667 0.26296296296296295
0 0.17421875 0.3314814814814815 0.034895833333333334 0.16481481481481483
0 0.07369791666666667 0.41712962962962963 0.0421875 0.16944444444444445
0 0.8791666666666667 0.12962962962962962 0.03229166666666666 0.13703703703703704
0 0.21536458333333333 0.3425925925925926 0.03802083333333333 0.18888888888888888
0 0.16354166666666667 0.44537037037037036 0.041666666666666664 0.20185185185185187
0 0.5322916666666666 0.06712962962962964 0.02395833333333333 0.11574074074074074
0 0.1265625 0.4444444444444445 0.041666666666666664 0.20925925925925926
0 0.8729166666666667 0.7777777777777778 0.05520833333333333 0.24074074074074076
0 0.68203125 0.4689814814814815 0.0421875 0.19907407407407407
0 0.6494791666666666 0.04120370370370371 0.026041666666666668 0.08055555555555556
0 0.7841145833333333 0.762962962962963 0.0640625 0.2574074074074074
0 0.3919270833333333 0.5680555555555555 0.0546875 0.2212962962962963
0 0.8296875 0.11805555555555557 0.030208333333333334 0.15092592592592594
0 0.34661458333333334 0.5444444444444445 0.049479166666666664 0.22222222222222224
0 0.7565104166666666 0.15555555555555556 0.0296875 0.13333333333333333
