0 0.13098958333333333 0.29212962962962963 0.025520833333333333 0.1527777777777778
0 0.5151041666666667 0.08333333333333334 0.020833333333333332 0.11296296296296297
0 0.0734375 0.3287037037037037 0.03229166666666666 0.12592592592592594
0 0.28463541666666664 0.2574074074074074 0.0203125 0.0962962962962963
0 0.79921875 0.07083333333333333 0.027604166666666666 0.058333333333333334
0 0.5427083333333333 0.05648148148148149 0.02395833333333333 0.11111111111111112
0 0.028385416666666666 0.32083333333333336 0.04010416666666666 0.1675925925925926
0 0.41901041666666666 0.1564814814814815 0.028645833333333332 0.11111111111111112
0 0.5325520833333334 0.10740740740740741 0.027604166666666666 0.12037037037037038
0 0.45729166666666665 0.09305555555555556 0.026041666666666668 0.11018518518518519
0 0.61796875 0.04861111111111111 0.021354166666666667 0.09537037037037037
0 0.2984375 0.23935185185185187 0.029166666666666667 0.12314814814814816
0 0.36796875 0.41574074074074074 0.044270833333333336 0.2
0 0.6794270833333333 0.047685185185185185 0.027604166666666666 0.09351851851851853
0 0.65234375 0.049074074074074076 0.0203125 0.0962962962962963
0 0.7953125 0.13472222222222222 0.030208333333333334 0.13425925925925927
0 0.8848958333333333 0.8953703703703704 0.05625 0.20555555555555557
0 0.59609375 0.047685185185185185 0.021354166666666667 0.09351851851851853
0 0.8190104166666666 0.1398148148148148 0.024479166666666666 0.1277777777777778
0 0.7604166666666666 0.10648148148148148 0.029166666666666667 0.12962962962962962
0 0.3416666666666667 0.337037037037037 0.041666666666666664 0.1814814814814815
0 0.42135416666666664 0.3263888888888889 0.04479166666666667 0.16574074074074074
0 0.11276041666666667 0.3578703703703704 0.0421875 0.20462962962962963
0 0.47161458333333334 0.3402777777777778 0.0328125 0.16574074074074074
0 0.2721354166666667 0.2800925925925926 0.0453125 0.18055555555555555
0 0.8783854166666667 0.3990740740740741 0.0421875 0.1814814814814815
0 0.68828125 0.27731481481481485 0.0359375 0.17314814814814816
