0 0.027083333333333334 0.3055555555555556 0.04375 0.20370370370370372
0 0.004427083333333333 0.3550925925925926 0.008854166666666666 0.09537037037037037
0 0.8494791666666667 0.04490740740740741 0.02395833333333333 0.08796296296296297
0 0.7341145833333333 0.025 0.015104166666666667 0.04814814814814815
0 0.8752604166666667 0.051388888888888894 0.028645833333333332 0.10092592592592593
0 0.6765625 0.03333333333333333 0.019791666666666666 0.06666666666666667
0 0.6197916666666666 0.051388888888888894 0.020833333333333332 0.10092592592592593
0 0.5252604166666667 0.07777777777777778 0.0265625 0.11851851851851852
0 0.55234375 0.0787037037037037 0.024479166666666666 0.11481481481481481
0 0.3989583333333333 0.1537037037037037 0.03125 0.13518518518518519
0 0.17447916666666666 0.3314814814814815 0.034375 0.13703703703703704
0 0.9453125 0.25324074074074077 0.03958333333333333 0.17314814814814816
0 0.8346354166666666 0.16805555555555557 0.03177083333333333 0.13240740740740742
0 0.5802083333333333 0.08009259259259259 0.027083333333333334 0.13055555555555556
0 0.6953125 0.8185185185185185 0.057291666666666664 0.26481481481481484
0 0.27708333333333335 0.21944444444444444 0.028125 0.14814814814814814
0 0.6640625 0.32962962962962966 0.042708333333333334 0.1962962962962963
0 0.43671875 0.9263888888888889 0.07864583333333333 0.14537037037037037
0 0.6466145833333333 0.7759259259259259 0.06197916666666667 0.26851851851851855
0 0.8744791666666667 0.4305555555555556 0.051041666666666666 0.22222222222222224
