0 0.5770833333333333 0.04398148148148148 0.02395833333333333 0.08611111111111111
0 0.02578125 0.2967592592592593 0.04739583333333333 0.2175925925925926
0 0.5466145833333333 0.08750000000000001 0.021354166666666667 0.10648148148148148
0 0.63046875 0.05601851851851852 0.022395833333333334 0.11018518518518519
0 0.5307291666666667 0.12314814814814816 0.028125 0.09814814814814815
0 0.33697916666666666 0.22453703703703703 0.0375 0.1287037037037037
0 0.5984375 0.3652777777777778 0.042708333333333334 0.1638888888888889
0 0.6841145833333333 0.09537037037037037 0.021354166666666667 0.12222222222222223
0 0.6533854166666666 0.061111111111111116 0.025520833333333333 0.11481481481481481
0 0.3921875 0.1537037037037037 0.028125 0.13333333333333333
0 0.48046875 0.22731481481481483 0.03697916666666667 0.14722222222222223
0 0.3755208333333333 0.3740740740740741 0.0375 0.16111111111111112
0 0.67734375 0.49583333333333335 0.0546875 0.19722222222222224
0 0.6221354166666666 0.49444444444444446 0.043229166666666666 0.22037037037037038
0 0.8791666666666667 0.5115740740740741 0.04791666666666666 0.23240740740740742
