0 0.7356770833333334 0.011574074074074075 0.0109375 0.021296296296296296
0 0.6421875 0.010185185185185186 0.015625 0.018518518518518517
0 0.00546875 0.35370370370370374 0.009895833333333333 0.0962962962962963
0 0.009375 0.6037037037037037 0.01875 0.07407407407407407
0 0.026822916666666665 0.30092592592592593 0.0453125 0.20555555555555557
0 0.07369791666666667 0.3300925925925926 0.0328125 0.1287037037037037
0 0.5815104166666667 0.019444444444444445 0.0171875 0.03888888888888889
0 0.7169270833333333 0.011574074074074075 0.0109375 0.021296296296296296
0 0.4515625 0.15462962962962964 0.028125 0.11666666666666667
0 0.77734375 0.02777777777777778 0.0171875 0.053703703703703705
0 0.66328125 0.0699074074074074 0.0265625 0.11203703703703705
0 0.8940104166666667 0.1712962962962963 0.03177083333333333 0.1462962962962963
0 0.11666666666666667 0.9740740740740741 0.03958333333333333 0.05185185185185186
0 0.7533854166666667 0.36944444444444446 0.03802083333333333 0.17407407407407408
0 0.028385416666666666 0.48240740740740745 0.05260416666666667 0.19814814814814816
0 0.49505208333333334 0.6023148148148149 0.06822916666666666 0.21203703703703705
