0 0.5140625 0.07824074074074075 0.02395833333333333 0.12685185185185185
0 0.6119791666666666 0.03518518518518519 0.022916666666666665 0.06851851851851852
0 0.6388020833333333 0.03564814814814815 0.021354166666666667 0.0712962962962963
0 0.6989583333333333 0.038425925925925926 0.020833333333333332 0.07685185185185185
0 0.6734375 0.03888888888888889 0.020833333333333332 0.07592592592592592
0 0.3346354166666667 0.2101851851851852 0.027604166666666666 0.1462962962962963
0 0.20208333333333334 0.32685185185185184 0.0375 0.12037037037037038
0 0.22265625 0.2898148148148148 0.033854166666666664 0.1425925925925926
0 0.8783854166666667 0.04398148148148148 0.021354166666666667 0.08611111111111111
0 0.5614583333333333 0.08564814814814815 0.025 0.11944444444444445
0 0.9614583333333333 0.250462962962963 0.035416666666666666 0.13611111111111113
0 0.35963541666666665 0.2064814814814815 0.034895833333333334 0.1388888888888889
0 0.7388020833333333 0.0837962962962963 0.0265625 0.11203703703703705
0 0.77578125 0.1087962962962963 0.027604166666666666 0.12314814814814816
0 0.015625 0.43194444444444446 0.030208333333333334 0.21944444444444444
0 0.4166666666666667 0.28194444444444444 0.035416666666666666 0.1712962962962963
0 0.35390625 0.3842592592592593 0.044270833333333336 0.17592592592592593
0 0.8075520833333333 0.10787037037037038 0.022395833333333334 0.12314814814814816
0 0.5091145833333334 0.28703703703703703 0.0359375 0.15555555555555556
0 0.8458333333333333 0.46944444444444444 0.04583333333333333 0.18888888888888888
0 0.44505208333333335 0.33935185185185185 0.0484375 0.18611111111111112
0 0.63984375 0.3351851851851852 0.0359375 0.18703703703703706
