0 0.8453125 0.5310185185185186 0.053125 0.2601851851851852
0 0.5716145833333334 0.05092592592592593 0.021354166666666667 0.1
0 0.83203125 0.13148148148148148 0.0359375 0.12222222222222223
0 0.3377604166666667 0.23287037037037037 0.0296875 0.10648148148148148
0 0.7158854166666666 0.05740740740740741 0.0234375 0.10925925925925926
0 0.8510416666666667 0.4703703703703704 0.041666666666666664 0.12592592592592594
0 0.48828125 0.11944444444444445 0.0328125 0.14814814814814814
0 0.4596354166666667 0.18611111111111112 0.0359375 0.1388888888888889
0 0.09088541666666666 0.4814814814814815 0.0359375 0.17592592592592593
0 0.3794270833333333 0.5037037037037038 0.04739583333333333 0.23703703703703705
0 0.021614583333333333 0.4791666666666667 0.04010416666666666 0.18611111111111112
0 0.9440104166666666 0.5324074074074074 0.0453125 0.22222222222222224
0 0.06953125 0.4620370370370371 0.033854166666666664 0.19074074074074074
0 0.3151041666666667 0.49259259259259264 0.03854166666666667 0.20740740740740743
0 0.5528645833333333 0.19398148148148148 0.03177083333333333 0.1398148148148148
0 0.8940104166666667 0.3314814814814815 0.0453125 0.2
0 0.14765625 0.5412037037037037 0.058854166666666666 0.225
0 0.4908854166666667 0.3962962962962963 0.0359375 0.16666666666666669
0 0.89921875 0.6430555555555556 0.06822916666666666 0.23611111111111113
