0 0.9533854166666667 0.4740740740740741 0.033854166666666664 0.14444444444444446
0 0.07239583333333333 0.3314814814814815 0.03229166666666666 0.13333333333333333
0 0.5528645833333333 0.03333333333333333 0.0203125 0.06666666666666667
0 0.75703125 0.020370370370370372 0.0140625 0.03888888888888889
0 0.9065104166666667 0.46805555555555556 0.04114583333333333 0.13796296296296298
0 0.9458333333333333 0.3763888888888889 0.021875 0.11203703703703705
0 0.02421875 0.29074074074074074 0.04739583333333333 0.23333333333333334
0 0.37083333333333335 0.18611111111111112 0.017708333333333333 0.09814814814814815
0 0.5807291666666666 0.052314814814814814 0.027083333333333334 0.10462962962962963
0 0.9153645833333334 0.3736111111111111 0.0421875 0.12314814814814816
0 0.6697916666666667 0.02592592592592593 0.019791666666666666 0.05185185185185186
0 0.8145833333333333 0.4273148148148148 0.04375 0.18981481481481483
0 0.39088541666666665 0.18842592592592594 0.03177083333333333 0.10462962962962963
0 0.21640625 0.2763888888888889 0.04635416666666667 0.1787037037037037
0 0.6145833333333334 0.047685185185185185 0.021875 0.09351851851851853
0 0.7770833333333333 0.4027777777777778 0.04479166666666667 0.1814814814814815
0 0.2552083333333333 0.7314814814814815 0.06770833333333333 0.27037037037037037
