0 0.9927083333333333 0.8944444444444445 0.015625 0.18888888888888888
0 0.8828125 0.04814814814814815 0.028125 0.0962962962962963
0 0.63515625 0.12962962962962962 0.05364583333333333 0.1277777777777778
0 0.9385416666666666 0.4078703703703704 0.03854166666666667 0.18796296296296297
0 0.8020833333333334 0.22037037037037038 0.03333333333333333 0.14444444444444446
0 0.7458333333333333 0.14212962962962963 0.029166666666666667 0.13055555555555556
0 0.7940104166666666 0.13425925925925927 0.024479166666666666 0.12222222222222223
0 0.62109375 0.12453703703703704 0.025520833333333333 0.11944444444444445
0 0.19635416666666666 0.30833333333333335 0.034375 0.15185185185185185
0 0.8809895833333333 0.2523148148148148 0.04010416666666666 0.125
0 0.3265625 0.22685185185185186 0.03125 0.13703703703703704
0 0.6510416666666666 0.1300925925925926 0.026041666666666668 0.12685185185185185
0 0.025260416666666667 0.4625 0.0359375 0.18055555555555555
0 0.18229166666666666 0.40046296296296297 0.040625 0.17685185185185187
0 0.9171874999999999 0.2833333333333333 0.040625 0.15925925925925927
0 0.2921875 0.23564814814814816 0.03333333333333333 0.14351851851851852
0 0.76640625 0.8842592592592593 0.0609375 0.23148148148148148
0 0.8908854166666667 0.5273148148148148 0.043229166666666666 0.2064814814814815
0 0.3888020833333333 0.15601851851851853 0.0296875 0.14722222222222223
0 0.8778645833333333 0.38287037037037036 0.043229166666666666 0.19166666666666668
0 0.06744791666666666 0.39212962962962966 0.04010416666666666 0.18796296296296297
0 0.3390625 0.4449074074074074 0.046875 0.1824074074074074
0 0.7002604166666666 0.8615740740740742 0.06197916666666667 0.27870370370370373
