0 0.28151041666666665 0.23703703703703705 0.027604166666666666 0.08888888888888889
0 0.18359375 0.2833333333333333 0.0421875 0.15
0 0.5895833333333333 0.03287037037037037 0.02395833333333333 0.0638888888888889
0 0.011458333333333333 0.5115740740740741 0.022916666666666665 0.17500000000000002
0 0.09401041666666667 0.46851851851851856 0.04114583333333333 0.21666666666666667
0 0.1703125 0.36944444444444446 0.05 0.2611111111111111
0 0.6182291666666666 0.11574074074074074 0.01875 0.11481481481481481
0 0.27265625 0.30185185185185187 0.030729166666666665 0.1425925925925926
0 0.5114583333333333 0.3023148148148148 0.027083333333333334 0.1675925925925926
0 0.64296875 0.11666666666666667 0.0359375 0.1462962962962963
0 0.9502604166666666 0.5314814814814816 0.04114583333333333 0.20925925925925926
0 0.8989583333333333 0.37592592592592594 0.03854166666666667 0.17777777777777778
0 0.48020833333333335 0.16064814814814815 0.0375 0.13425925925925927
0 0.7752604166666667 0.5819444444444445 0.049479166666666664 0.24722222222222223
0 0.26484375 0.4444444444444445 0.05572916666666666 0.17592592592592593
0 0.6127604166666667 0.4949074074074074 0.04114583333333333 0.21944444444444444
