0 0.82890625 0.021296296296296296 0.0140625 0.040740740740740744
0 0.02578125 0.2990740740740741 0.0453125 0.21666666666666667
0 0.0734375 0.3300925925925926 0.03229166666666666 0.125
0 0.97265625 0.22777777777777777 0.024479166666666666 0.14814814814814814
0 0.3911458333333333 0.11944444444444445 0.021875 0.07407407407407407
0 0.6041666666666666 0.062037037037037036 0.03125 0.12222222222222223
0 0.31328125 0.2537037037037037 0.0296875 0.14814814814814814
0 0.9065104166666667 0.20416666666666666 0.04114583333333333 0.13796296296296298
0 0.5828125 0.05925925925925926 0.025 0.11851851851851852
0 0.38645833333333335 0.18564814814814815 0.030208333333333334 0.11388888888888889
0 0.5458333333333333 0.05925925925925926 0.025 0.11851851851851852
0 0.6364583333333333 0.17592592592592593 0.030208333333333334 0.1425925925925926
0 0.8203125 0.1837962962962963 0.03854166666666667 0.1398148148148148
0 0.6057291666666667 0.17175925925925928 0.028125 0.13796296296296298
0 0.22708333333333333 0.2763888888888889 0.040625 0.17500000000000002
0 0.6229166666666667 0.49768518518518523 0.04375 0.21944444444444444
0 0.93359375 0.5777777777777778 0.05572916666666666 0.21296296296296297
0 0.8265625 0.5226851851851853 0.051041666666666666 0.24537037037037038
