0 0.7658854166666667 0.022685185185185187 0.0390625 0.04351851851851852
0 0.9919270833333333 0.8944444444444445 0.01614583333333333 0.19444444444444445
0 0.9234375 0.30648148148148147 0.03854166666666667 0.0925925925925926
0 0.6846354166666666 0.031018518518518518 0.024479166666666666 0.06018518518518519
0 0.7565104166666666 0.022222222222222223 0.0171875 0.04259259259259259
0 0.7752604166666667 0.02314814814814815 0.0140625 0.0462962962962963
0 0.7872395833333333 0.2064814814814815 0.03697916666666667 0.12592592592592594
0 0.9200520833333333 0.35694444444444445 0.04739583333333333 0.1953703703703704
0 0.7140625 0.9439814814814815 0.06041666666666667 0.11018518518518519
0 0.5752604166666666 0.05277777777777778 0.025520833333333333 0.10555555555555556
0 0.16666666666666666 0.7361111111111112 0.05625 0.2740740740740741
0 0.9434895833333333 0.5462962962962963 0.049479166666666664 0.22037037037037038
0 0.6471354166666666 0.12175925925925926 0.030729166666666665 0.12314814814814816
0 0.32890625 0.23101851851851854 0.030729166666666665 0.11388888888888889
0 0.3690104166666667 0.19675925925925927 0.0328125 0.1175925925925926
0 0.1171875 0.36203703703703705 0.034375 0.1685185185185185
0 0.8583333333333333 0.7916666666666667 0.05625 0.25925925925925924
0 0.7671875 0.5518518518518519 0.05416666666666667 0.25
0 0.1140625 0.7347222222222223 0.04791666666666666 0.25833333333333336
0 0.30026041666666664 0.5569444444444445 0.044270833333333336 0.20092592592592592
0 0.21796875 0.39537037037037037 0.0390625 0.17777777777777778
