0 0.6606770833333333 0.027314814814814816 0.0421875 0.05277777777777778
0 0.0265625 0.30648148148148147 0.04583333333333333 0.1962962962962963
0 0.47421874999999997 0.10740740740740741 0.022395833333333334 0.10370370370370371
0 0.07578125 0.3837962962962963 0.030729166666666665 0.1824074074074074
0 0.1 0.3861111111111111 0.041666666666666664 0.1814814814814815
0 0.6010416666666667 0.02314814814814815 0.016666666666666666 0.0462962962962963
0 0.6708333333333333 0.02777777777777778 0.01875 0.053703703703703705
0 0.6471354166666666 0.027314814814814816 0.019270833333333334 0.05277777777777778
0 0.56796875 0.0375 0.019270833333333334 0.07314814814814816
0 0.9291666666666667 0.21064814814814817 0.028125 0.16944444444444445
0 0.18255208333333334 0.45555555555555555 0.04635416666666667 0.1962962962962963
0 0.27447916666666666 0.2972222222222222 0.046875 0.17592592592592593
0 0.9013020833333333 0.48055555555555557 0.06197916666666667 0.23148148148148148
