0 0.028385416666666666 0.3226851851851852 0.044270833333333336 0.16944444444444445
0 0.5244791666666666 0.062037037037037036 0.019791666666666666 0.0962962962962963
0 0.6515625 0.1814814814814815 0.026041666666666668 0.14074074074074075
0 0.9684895833333333 0.2523148148148148 0.027604166666666666 0.1398148148148148
0 0.6416666666666666 0.08888888888888889 0.027083333333333334 0.10555555555555556
0 0.4244791666666667 0.12916666666666668 0.022916666666666665 0.10833333333333334
0 0.28463541666666664 0.2125 0.028645833333333332 0.10648148148148148
0 0.6658854166666667 0.08564814814814815 0.0265625 0.08611111111111111
0 0.42526041666666664 0.3041666666666667 0.043229166666666666 0.15462962962962964
0 0.30963541666666666 0.27083333333333337 0.0296875 0.14166666666666666
0 0.9033854166666666 0.47685185185185186 0.0484375 0.1388888888888889
0 0.6703125 0.19305555555555556 0.03125 0.15092592592592594
0 0.37213541666666666 0.1685185185185185 0.034895833333333334 0.14814814814814814
0 0.23958333333333334 0.25092592592592594 0.036458333333333336 0.14444444444444446
0 0.7739583333333333 0.12453703703703704 0.03125 0.13796296296296298
0 0.23177083333333334 0.4365740740740741 0.0375 0.16944444444444445
0 0.28098958333333335 0.3143518518518519 0.04010416666666666 0.16944444444444445
0 0.33828125 0.9111111111111111 0.06197916666666667 0.17962962962962964
0 0.17395833333333333 0.951388888888889 0.06875 0.09722222222222222
0 0.4109375 0.925 0.07708333333333334 0.1462962962962963
0 0.89609375 0.6328703703703704 0.06302083333333333 0.2675925925925926
0 0.6177083333333333 0.4981481481481482 0.036458333333333336 0.21481481481481482
