0 0.38671875 0.12268518518518519 0.0328125 0.09907407407407408
0 0.8877604166666666 0.11064814814814815 0.0265625 0.13055555555555556
0 0.02578125 0.41481481481481486 0.0296875 0.17222222222222222
0 0.39088541666666665 0.18888888888888888 0.0296875 0.08333333333333334
0 0.49583333333333335 0.10833333333333334 0.025 0.13333333333333333
0 0.0546875 0.4814814814814815 0.03229166666666666 0.1851851851851852
0 0.2513020833333333 0.3189814814814815 0.0296875 0.15833333333333333
0 0.71796875 0.0375 0.022395833333333334 0.07314814814814816
0 0.16145833333333334 0.3453703703703704 0.036458333333333336 0.16296296296296298
0 0.36041666666666666 0.5097222222222222 0.035416666666666666 0.20462962962962963
0 0.54765625 0.23750000000000002 0.0296875 0.1712962962962963
0 0.8479166666666667 0.7439814814814815 0.057291666666666664 0.2638888888888889
0 0.9638020833333333 0.24166666666666667 0.0359375 0.15185185185185185
0 0.9052083333333333 0.3287037037037037 0.03958333333333333 0.1851851851851852
0 0.46822916666666664 0.24444444444444446 0.03229166666666666 0.15
0 0.09244791666666667 0.5476851851851852 0.043229166666666666 0.1953703703703704
0 0.8976562499999999 0.7800925925925927 0.06302083333333333 0.28611111111111115
0 0.2640625 0.6662037037037037 0.03958333333333333 0.2212962962962963
0 0.30963541666666666 0.736574074074074 0.0671875 0.23055555555555557
0 0.6104166666666666 0.49768518518518523 0.040625 0.225
