0 0.7921875 0.014351851851851852 0.013541666666666667 0.028703703703703703
0 0.0265625 0.30185185185185187 0.04479166666666667 0.20740740740740743
0 0.0734375 0.33194444444444443 0.034375 0.13055555555555556
0 0.6971354166666667 0.024074074074074074 0.0296875 0.0462962962962963
0 0.7059895833333333 0.02314814814814815 0.015104166666666667 0.0462962962962963
0 0.68828125 0.02314814814814815 0.018229166666666668 0.0462962962962963
0 0.6484375 0.10833333333333334 0.02395833333333333 0.12037037037037038
0 0.60859375 0.02592592592592593 0.019270833333333334 0.05185185185185186
0 0.5104166666666666 0.10694444444444445 0.021875 0.11944444444444445
0 0.75859375 0.33194444444444443 0.04010416666666666 0.16203703703703703
0 0.13333333333333333 0.39166666666666666 0.041666666666666664 0.1925925925925926
0 0.8723958333333334 0.13148148148148148 0.03125 0.1462962962962963
0 0.3046875 0.6722222222222223 0.06979166666666667 0.22222222222222224
