0 0.025260416666666667 0.29953703703703705 0.04739583333333333 0.21944444444444444
0 0.9421875 0.19351851851851853 0.025 0.15185185185185185
0 0.27291666666666664 0.2925925925925926 0.03229166666666666 0.14074074074074075
0 0.31145833333333334 0.21805555555555556 0.028125 0.13425925925925927
0 0.09713541666666667 0.3439814814814815 0.0453125 0.18055555555555555
0 0.6385416666666667 0.03333333333333333 0.026041666666666668 0.06666666666666667
0 0.9481770833333333 0.25972222222222224 0.030729166666666665 0.11203703703703705
0 0.8828125 0.22731481481481483 0.03854166666666667 0.10648148148148148
0 0.9151041666666666 0.3199074074074074 0.040625 0.13055555555555556
0 0.8197916666666667 0.5203703703703704 0.058333333333333334 0.16666666666666669
0 0.17447916666666666 0.3490740740740741 0.03854166666666667 0.18333333333333335
0 0.4244791666666667 0.17962962962962964 0.027083333333333334 0.13703703703703704
0 0.35885416666666664 0.31851851851851853 0.040625 0.17777777777777778
0 0.2838541666666667 0.6194444444444445 0.07291666666666667 0.19814814814814816
0 0.6765625 0.034722222222222224 0.027083333333333334 0.06759259259259259
0 0.26953125 0.900462962962963 0.0453125 0.19722222222222224
0 0.39765625 0.30694444444444446 0.03697916666666667 0.18611111111111112
0 0.88359375 0.33796296296296297 0.034895833333333334 0.18888888888888888
0 0.9158854166666667 0.46435185185185185 0.0359375 0.18055555555555555
0 0.8127604166666667 0.6287037037037038 0.057812499999999996 0.2351851851851852
0 0.25416666666666665 0.3564814814814815 0.03854166666666667 0.17407407407407408
