0 0.7359375 0.022685185185185187 0.0125 0.04351851851851852
0 0.5739583333333333 0.07592592592592592 0.026041666666666668 0.11666666666666667
0 0.9145833333333333 0.7333333333333334 0.05520833333333333 0.20925925925925926
0 0.3265625 0.23657407407407408 0.035416666666666666 0.1175925925925926
0 0.6294270833333333 0.07916666666666666 0.0296875 0.13425925925925927
0 0.25416666666666665 0.2490740740740741 0.030208333333333334 0.1425925925925926
0 0.4109375 0.28194444444444444 0.036458333333333336 0.1675925925925926
0 0.6557291666666667 0.05462962962962963 0.025 0.10740740740740741
0 0.20729166666666665 0.3050925925925926 0.03333333333333333 0.16944444444444445
0 0.5596354166666666 0.5703703703703704 0.049479166666666664 0.22777777777777777
0 0.4440104166666667 0.25324074074074077 0.033854166666666664 0.15092592592592594
0 0.23203125 0.3277777777777778 0.0390625 0.1685185185185185
0 0.8325520833333333 0.0837962962962963 0.0328125 0.13425925925925927
0 0.7427083333333333 0.19675925925925927 0.034375 0.15092592592592594
0 0.4947916666666667 0.5430555555555556 0.042708333333333334 0.22685185185185186
0 0.28463541666666664 0.4 0.0421875 0.20555555555555557
0 0.08619791666666667 0.8601851851851852 0.050520833333333334 0.27592592592592596
