0 0.9627604166666667 0.25601851851851853 0.03697916666666667 0.1212962962962963
0 0.87265625 0.17175925925925928 0.027604166666666666 0.1287037037037037
0 0.6783854166666666 0.13101851851851853 0.04010416666666666 0.13055555555555556
0 0.09244791666666667 0.6944444444444444 0.0546875 0.2388888888888889
0 0.5015625 0.06064814814814815 0.022916666666666665 0.11944444444444445
0 0.94921875 0.4310185185185185 0.04010416666666666 0.18796296296296297
0 0.9005208333333333 0.2064814814814815 0.025 0.13333333333333333
0 0.3497395833333333 0.17222222222222222 0.028645833333333332 0.10925925925925926
0 0.8466145833333333 0.17175925925925928 0.0328125 0.11574074074074074
0 0.5252604166666667 0.09351851851851853 0.0234375 0.10740740740740741
0 0.57734375 0.09305555555555556 0.022395833333333334 0.14351851851851852
0 0.6328125 0.04583333333333334 0.03333333333333333 0.09166666666666667
0 0.9346354166666666 0.21203703703703705 0.0296875 0.13703703703703704
0 0.6151041666666667 0.09814814814814815 0.02395833333333333 0.13148148148148148
0 0.41640625 0.5407407407407407 0.044270833333333336 0.2111111111111111
0 0.3302083333333333 0.20462962962962963 0.034375 0.15
0 0.4497395833333333 0.1800925925925926 0.028645833333333332 0.13796296296296298
0 0.7653645833333333 0.8949074074074075 0.0515625 0.20277777777777778
0 0.07473958333333333 0.513425925925926 0.0515625 0.17314814814814816
0 0.8697916666666666 0.538425925925926 0.04583333333333333 0.19351851851851853
0 0.028385416666666666 0.45787037037037037 0.0421875 0.2175925925925926
0 0.78203125 0.1638888888888889 0.028645833333333332 0.1537037037037037
0 0.6166666666666667 0.9421296296296297 0.05520833333333333 0.11574074074074074
0 0.54765625 0.20046296296296298 0.04010416666666666 0.14351851851851852
0 0.8927083333333333 0.7125 0.06354166666666666 0.2657407407407408
0 0.6927083333333334 0.9472222222222223 0.06354166666666666 0.10185185185185186
