0 0.005208333333333333 0.35370370370370374 0.009375 0.09814814814814815
0 0.028125 0.31157407407407406 0.04375 0.19166666666666668
0 0.6140625 0.01712962962962963 0.022916666666666665 0.03425925925925926
0 0.07395833333333333 0.33101851851851855 0.034375 0.12685185185185185
0 0.8533854166666667 0.9791666666666667 0.03697916666666667 0.04351851851851852
0 0.6684895833333333 0.05277777777777778 0.027604166666666666 0.10370370370370371
0 0.42864583333333334 0.16296296296296298 0.046875 0.11666666666666667
0 0.7526041666666666 0.9782407407407407 0.03958333333333333 0.04351851851851852
0 0.6200520833333333 0.9722222222222222 0.0484375 0.053703703703703705
0 0.76640625 0.034722222222222224 0.0203125 0.06759259259259259
0 0.7544270833333333 0.39166666666666666 0.04010416666666666 0.17592592592592593
0 0.9075520833333334 0.1962962962962963 0.033854166666666664 0.1574074074074074
0 0.07526041666666666 0.5731481481481482 0.06302083333333333 0.23703703703703705
0 0.5809895833333333 0.5773148148148148 0.06302083333333333 0.2138888888888889
0 0.2171875 0.9050925925925927 0.052083333333333336 0.18796296296296297
