0 0.50078125 0.04814814814814815 0.019270833333333334 0.061111111111111116
0 0.5291666666666667 0.08842592592592594 0.02395833333333333 0.11944444444444445
0 0.4825520833333333 0.09907407407407408 0.019270833333333334 0.13148148148148148
0 0.5307291666666667 0.05277777777777778 0.016666666666666666 0.061111111111111116
0 0.4942708333333333 0.1050925925925926 0.025 0.1175925925925926
0 0.42578125 0.12361111111111112 0.0265625 0.14907407407407408
0 0.41640625 0.20416666666666666 0.030729166666666665 0.14166666666666666
0 0.39401041666666664 0.17222222222222222 0.0234375 0.10555555555555556
0 0.8377604166666667 0.17314814814814816 0.0328125 0.12222222222222223
0 0.3833333333333333 0.48842592592592593 0.0375 0.2064814814814815
0 0.5252604166666667 0.11944444444444445 0.033854166666666664 0.12962962962962962
0 0.4552083333333333 0.13333333333333333 0.028125 0.1462962962962963
0 0.8536458333333333 0.04351851851851852 0.025 0.08518518518518518
0 0.10885416666666667 0.41064814814814815 0.041666666666666664 0.18055555555555555
0 0.8895833333333333 0.2972222222222222 0.03125 0.17037037037037037
0 0.5739583333333333 0.6689814814814815 0.051041666666666666 0.27314814814814814
0 0.9158854166666667 0.4050925925925926 0.043229166666666666 0.1824074074074074
0 0.26276041666666666 0.29444444444444445 0.04010416666666666 0.1685185185185185
0 0.3971354166666667 0.9263888888888889 0.0609375 0.14351851851851852
