0 0.6158854166666666 0.038425925925925926 0.043229166666666666 0.075
0 0.42526041666666664 0.18425925925925926 0.030729166666666665 0.09814814814814815
0 0.028125 0.312962962962963 0.04375 0.19074074074074074
0 0.0734375 0.33194444444444443 0.03229166666666666 0.13240740740740742
0 0.8127604166666667 0.0925925925925926 0.03177083333333333 0.11851851851851852
0 0.9729166666666667 0.2439814814814815 0.02395833333333333 0.14537037037037037
0 0.94609375 0.6069444444444445 0.0328125 0.1638888888888889
0 0.6015625 0.038425925925925926 0.020833333333333332 0.075
0 0.35651041666666666 0.2064814814814815 0.0296875 0.12962962962962962
0 0.6528645833333333 0.03888888888888889 0.021354166666666667 0.07592592592592592
0 0.5614583333333333 0.05787037037037037 0.019791666666666666 0.11018518518518519
0 0.39817708333333335 0.17777777777777778 0.0265625 0.09814814814814815
0 0.3346354166666667 0.22592592592592595 0.0296875 0.11481481481481481
0 0.17421875 0.3740740740740741 0.05364583333333333 0.19444444444444445
0 0.6283854166666667 0.037037037037037035 0.0203125 0.07407407407407407
0 0.6908854166666667 0.047685185185185185 0.025520833333333333 0.09351851851851853
0 0.9015624999999999 0.3226851851851852 0.03125 0.16944444444444445
0 0.85234375 0.11018518518518519 0.028645833333333332 0.13518518518518519
0 0.19713541666666667 0.28750000000000003 0.033854166666666664 0.1564814814814815
0 0.2911458333333333 0.23981481481481481 0.03125 0.13703703703703704
0 0.8890625 0.18703703703703706 0.035416666666666666 0.15555555555555556
0 0.4734375 0.26157407407407407 0.029166666666666667 0.1638888888888889
0 0.6088541666666667 0.13611111111111113 0.029166666666666667 0.13703703703703704
0 0.5671875 0.4342592592592593 0.0375 0.18333333333333335
0 0.06276041666666667 0.5578703703703703 0.06197916666666667 0.19907407407407407
0 0.3854166666666667 0.8546296296296296 0.06770833333333333 0.28703703703703703
0 0.47213541666666664 0.8791666666666667 0.06822916666666666 0.24166666666666667
