0 0.8677083333333333 0.0462962962962963 0.016666666666666666 0.08703703703703704
0 0.4354166666666667 0.19444444444444445 0.026041666666666668 0.15
0 0.7770833333333333 0.1476851851851852 0.03333333333333333 0.1287037037037037
0 0.26953125 0.26990740740740743 0.04114583333333333 0.13240740740740742
0 0.8515625 0.9648148148148149 0.05520833333333333 0.07222222222222223
0 0.6002604166666666 0.06481481481481481 0.025520833333333333 0.11851851851851852
0 0.5622395833333333 0.06527777777777778 0.024479166666666666 0.10648148148148148
0 0.47734375 0.1527777777777778 0.028645833333333332 0.12222222222222223
0 0.9390625 0.23657407407407408 0.028125 0.14537037037037037
0 0.17213541666666665 0.3287037037037037 0.0328125 0.14814814814814814
0 0.5385416666666667 0.20694444444444446 0.030208333333333334 0.14537037037037037
0 0.26848958333333334 0.3907407407407408 0.059895833333333336 0.17962962962962964
0 0.6588541666666666 0.08796296296296297 0.029166666666666667 0.11851851851851852
0 0.8833333333333333 0.13194444444444445 0.030208333333333334 0.15092592592592594
0 0.07213541666666666 0.40231481481481485 0.0671875 0.24351851851851852
0 0.8338541666666667 0.16527777777777777 0.03229166666666666 0.13796296296296298
0 0.3497395833333333 0.5055555555555555 0.03802083333333333 0.19444444444444445
0 0.5416666666666666 0.6689814814814815 0.06145833333333333 0.23796296296296296
0 0.48359375 0.6467592592592593 0.05572916666666666 0.26203703703703707
