0 0.0046875 0.3550925925925926 0.008333333333333333 0.09537037037037037
0 0.8934895833333333 0.425462962962963 0.05572916666666666 0.2138888888888889
0 0.6203125 0.029166666666666667 0.021875 0.05648148148148149
0 0.9494791666666667 0.48194444444444445 0.03958333333333333 0.17500000000000002
0 0.8848958333333333 0.48379629629629634 0.053125 0.2064814814814815
0 0.9341145833333333 0.3685185185185185 0.03177083333333333 0.16296296296296298
0 0.91640625 0.2949074074074074 0.03697916666666667 0.16574074074074074
0 0.2716145833333333 0.4337962962962963 0.0359375 0.1787037037037037
0 0.6677083333333333 0.5324074074074074 0.052083333333333336 0.1277777777777778
0 0.3052083333333333 0.4416666666666667 0.040625 0.19074074074074074
0 0.50078125 0.20555555555555557 0.03802083333333333 0.1574074074074074
0 0.6502604166666667 0.1550925925925926 0.027604166666666666 0.14907407407407408
0 0.07864583333333333 0.40231481481481485 0.046875 0.18055555555555555
0 0.59296875 0.48703703703703705 0.0421875 0.20370370370370372
0 0.11588541666666667 0.4810185185185185 0.04010416666666666 0.19351851851851853
0 0.7940104166666666 0.5324074074074074 0.05572916666666666 0.22962962962962963
0 0.6333333333333333 0.3277777777777778 0.03229166666666666 0.15
0 0.63046875 0.48935185185185187 0.04114583333333333 0.2138888888888889
