0 0.9927083333333333 0.8944444444444445 0.015625 0.1925925925925926
0 0.42343749999999997 0.9689814814814816 0.04583333333333333 0.0638888888888889
0 0.02578125 0.3092592592592593 0.044270833333333336 0.19444444444444445
0 0.07239583333333333 0.33194444444444443 0.03229166666666666 0.13055555555555556
0 0.49713541666666666 0.08101851851851852 0.0203125 0.10277777777777779
0 0.5776041666666667 0.0375 0.016666666666666666 0.07314814814814816
0 0.8888020833333333 0.09722222222222222 0.0296875 0.15555555555555556
0 0.40234375 0.12731481481481483 0.0359375 0.13796296296296298
0 0.5127604166666666 0.12592592592592594 0.0234375 0.15
0 0.53828125 0.04861111111111111 0.024479166666666666 0.09537037037037037
0 0.5627604166666667 0.052314814814814814 0.021354166666666667 0.10462962962962963
0 0.63671875 0.031018518518518518 0.021354166666666667 0.06018518518518519
0 0.72734375 0.06342592592592593 0.022395833333333334 0.1175925925925926
0 0.9229166666666666 0.4342592592592593 0.04895833333333333 0.21481481481481482
0 0.3033854166666667 0.21574074074074076 0.033854166666666664 0.13333333333333333
0 0.8401041666666667 0.07453703703703704 0.030208333333333334 0.11944444444444445
0 0.81015625 0.06712962962962964 0.025520833333333333 0.1212962962962963
0 0.44296874999999997 0.14166666666666666 0.03177083333333333 0.13148148148148148
0 0.6372395833333333 0.5884259259259259 0.0546875 0.24537037037037038
0 0.8901041666666667 0.7287037037037037 0.06875 0.2851851851851852
0 0.8513020833333333 0.8625 0.07447916666666667 0.2712962962962963
0 0.29713541666666665 0.9212962962962963 0.07135416666666666 0.15555555555555556
