0 0.08307291666666666 0.4027777777777778 0.0390625 0.1537037037037037
0 0.5502604166666667 0.040740740740740744 0.019270833333333334 0.08148148148148149
0 0.41770833333333335 0.1513888888888889 0.019791666666666666 0.10648148148148148
0 0.40234375 0.14027777777777778 0.018229166666666668 0.11203703703703705
0 0.6877604166666667 0.5310185185185186 0.0453125 0.13240740740740742
0 0.3848958333333333 0.1902777777777778 0.03125 0.09722222222222222
0 0.8526041666666666 0.725 0.057291666666666664 0.23148148148148148
0 0.8010416666666667 0.7273148148148149 0.05520833333333333 0.24351851851851852
0 0.03463541666666667 0.9708333333333333 0.043229166666666666 0.05648148148148149
0 0.6276041666666666 0.08564814814814815 0.027083333333333334 0.1175925925925926
0 0.2796875 0.2939814814814815 0.034375 0.16574074074074074
0 0.6502604166666667 0.5375 0.0421875 0.21574074074074076
0 0.92578125 0.2662037037037037 0.0328125 0.16203703703703703
0 0.3208333333333333 0.46944444444444444 0.051041666666666666 0.22777777777777777
0 0.6091145833333333 0.4962962962962963 0.034895833333333334 0.21851851851851853
