0 0.025520833333333333 0.2990740740740741 0.04791666666666666 0.21666666666666667
0 0.4700520833333333 0.07314814814814816 0.0234375 0.053703703703703705
0 0.51171875 0.05787037037037037 0.015104166666666667 0.0712962962962963
0 0.9395833333333333 0.6356481481481482 0.035416666666666666 0.11944444444444445
0 0.9283854166666666 0.20787037037037037 0.0265625 0.1675925925925926
0 0.9466145833333334 0.3162037037037037 0.03697916666666667 0.1527777777777778
0 0.3533854166666667 0.1685185185185185 0.028645833333333332 0.14444444444444446
0 0.89453125 0.09953703703703703 0.027604166666666666 0.13055555555555556
0 0.8596354166666667 0.6638888888888889 0.0484375 0.15
0 0.52421875 0.075 0.0234375 0.10740740740740741
0 0.21901041666666665 0.38472222222222224 0.04010416666666666 0.17685185185185187
0 0.7859375 0.7958333333333334 0.046875 0.23981481481481481
0 0.4752604166666667 0.13518518518518519 0.033854166666666664 0.1462962962962963
0 0.8104166666666667 0.6967592592592593 0.05416666666666667 0.23055555555555557
0 0.19088541666666667 0.3574074074074074 0.03177083333333333 0.17777777777777778
0 0.8927083333333333 0.29814814814814816 0.041666666666666664 0.1814814814814815
0 0.8627604166666667 0.8222222222222223 0.057812499999999996 0.2425925925925926
0 0.034895833333333334 0.5875 0.04375 0.23240740740740742
0 0.08932291666666667 0.5916666666666667 0.0421875 0.22592592592592595
