0 0.6203125 0.028240740740740743 0.019791666666666666 0.05648148148148149
0 0.8127604166666667 0.0763888888888889 0.0703125 0.11944444444444445
0 0.00625 0.48194444444444445 0.0125 0.17314814814814816
0 0.5627604166666667 0.04583333333333334 0.0140625 0.062037037037037036
0 0.6395833333333333 0.029166666666666667 0.01875 0.05648148148148149
0 0.22161458333333334 0.26296296296296295 0.033854166666666664 0.15555555555555556
0 0.18020833333333333 0.3194444444444445 0.03229166666666666 0.21481481481481482
0 0.78984375 0.07962962962962963 0.0265625 0.11296296296296297
0 0.83359375 0.07453703703703704 0.027604166666666666 0.11944444444444445
0 0.4864583333333333 0.11296296296296297 0.026041666666666668 0.13148148148148148
0 0.7614583333333333 0.07731481481481482 0.03333333333333333 0.13055555555555556
0 0.8817708333333333 0.8935185185185186 0.0625 0.2111111111111111
0 0.24661458333333333 0.5601851851851852 0.0484375 0.1962962962962963
0 0.9395833333333333 0.4166666666666667 0.04583333333333333 0.20555555555555557
0 0.7783854166666666 0.2189814814814815 0.0359375 0.16018518518518518
0 0.42135416666666664 0.3236111111111111 0.036458333333333336 0.1564814814814815
0 0.7138020833333333 0.2439814814814815 0.03802083333333333 0.1527777777777778
0 0.20651041666666667 0.5509259259259259 0.0453125 0.21851851851851853
0 0.61015625 0.40046296296296297 0.04114583333333333 0.19166666666666668
