0 0.5270833333333333 0.05555555555555556 0.01875 0.10925925925925926
0 0.7403645833333333 0.02777777777777778 0.018229166666666668 0.053703703703703705
0 0.23697916666666666 0.2601851851851852 0.021875 0.14444444444444446
0 0.17760416666666667 0.36064814814814816 0.036458333333333336 0.18055555555555555
0 0.71796875 0.030092592592592594 0.018229166666666668 0.058333333333333334
0 0.37421875 0.3194444444444445 0.03802083333333333 0.17777777777777778
0 0.40963541666666664 0.2916666666666667 0.0359375 0.1574074074074074
0 0.2604166666666667 0.2675925925925926 0.03125 0.16666666666666669
0 0.29322916666666665 0.2814814814814815 0.0375 0.16666666666666669
0 0.5671875 0.09398148148148149 0.028125 0.1212962962962963
0 0.63515625 0.06898148148148149 0.0265625 0.1287037037037037
0 0.5190104166666667 0.6421296296296296 0.0546875 0.24166666666666667
0 0.9135416666666667 0.6643518518518519 0.058333333333333334 0.23796296296296296
0 0.60703125 0.09907407407407408 0.03177083333333333 0.13148148148148148
0 0.84609375 0.06435185185185185 0.03177083333333333 0.1287037037037037
0 0.6666666666666666 0.9569444444444445 0.065625 0.08425925925925926
0 0.76484375 0.17083333333333334 0.033854166666666664 0.14722222222222223
0 0.22578125 0.44583333333333336 0.043229166666666666 0.2101851851851852
0 0.4575520833333333 0.6148148148148148 0.044270833333333336 0.24444444444444446
0 0.19270833333333334 0.7648148148148148 0.05 0.2611111111111111
