0 0.9927083333333333 0.8953703703703704 0.015625 0.1925925925925926
0 0.6744791666666666 0.03657407407407408 0.026041666666666668 0.0712962962962963
0 0.48411458333333335 0.058333333333333334 0.028645833333333332 0.09074074074074075
0 0.4828125 0.14166666666666666 0.03125 0.12962962962962962
0 0.51953125 0.1 0.027604166666666666 0.1574074074074074
0 0.5690104166666666 0.10277777777777779 0.0234375 0.11851851851851852
0 0.5809895833333333 0.05277777777777778 0.0234375 0.10555555555555556
0 0.2296875 0.9078703703703704 0.08854166666666667 0.18425925925925926
0 0.7010416666666667 0.06574074074074074 0.017708333333333333 0.11481481481481481
0 0.6153645833333333 0.08657407407407408 0.024479166666666666 0.11944444444444445
0 0.10052083333333334 0.4328703703703704 0.040625 0.17685185185185187
0 0.6421875 0.11898148148148148 0.036458333333333336 0.16574074074074074
0 0.26588541666666665 0.48564814814814816 0.0421875 0.19907407407407407
0 0.9244791666666666 0.4064814814814815 0.041666666666666664 0.21296296296296297
0 0.6229166666666667 0.4990740740740741 0.04375 0.22037037037037038
0 0.6385416666666667 0.9074074074074074 0.07395833333333333 0.1814814814814815
0 0.7328125 0.3768518518518519 0.05 0.19444444444444445
0 0.83984375 0.8814814814814815 0.06822916666666666 0.23148148148148148
