0 0.5796875 0.019444444444444445 0.013541666666666667 0.03888888888888889
0 0.0734375 0.3300925925925926 0.03125 0.125
0 0.9104166666666667 0.031481481481481485 0.028125 0.061111111111111116
0 0.8627604166666667 0.017592592592592594 0.013020833333333334 0.03333333333333333
0 0.027083333333333334 0.3194444444444445 0.04375 0.17037037037037037
0 0.6291666666666667 0.03518518518518519 0.022916666666666665 0.06851851851851852
0 0.7533854166666667 0.9745370370370371 0.033854166666666664 0.049074074074074076
0 0.42213541666666665 0.11990740740740741 0.027604166666666666 0.13796296296296298
0 0.7778645833333333 0.03657407407407408 0.027604166666666666 0.0712962962962963
0 0.4552083333333333 0.1439814814814815 0.029166666666666667 0.12314814814814816
0 0.6408854166666667 0.4759259259259259 0.05260416666666667 0.17777777777777778
0 0.6138020833333333 0.10694444444444445 0.0265625 0.13055555555555556
0 0.8888020833333333 0.8250000000000001 0.06614583333333333 0.2925925925925926
0 0.64453125 0.11435185185185186 0.021354166666666667 0.13055555555555556
0 0.14401041666666667 0.500462962962963 0.0546875 0.2138888888888889
