0 0.0359375 0.4217592592592593 0.03854166666666667 0.17685185185185187
0 0.09427083333333333 0.7601851851851852 0.090625 0.2888888888888889
0 0.065625 0.7074074074074075 0.035416666666666666 0.22222222222222224
0 0.3458333333333333 0.21944444444444444 0.027083333333333334 0.12407407407407407
0 0.014583333333333334 0.45787037037037037 0.029166666666666667 0.19166666666666668
0 0.5520833333333334 0.05462962962962963 0.027083333333333334 0.10740740740740741
0 0.41796875 0.20324074074074075 0.0328125 0.14537037037037037
0 0.6752604166666667 0.06712962962962964 0.024479166666666666 0.11018518518518519
0 0.20338541666666665 0.39351851851851855 0.03697916666666667 0.1925925925925926
0 0.89921875 0.6148148148148148 0.049479166666666664 0.23148148148148148
0 0.6096354166666667 0.16574074074074074 0.04010416666666666 0.15555555555555556
0 0.45390625 0.3819444444444445 0.030729166666666665 0.1824074074074074
0 0.3677083333333333 0.3453703703703704 0.042708333333333334 0.16481481481481483
0 0.9377604166666667 0.6199074074074075 0.04739583333333333 0.2212962962962963
0 0.9234375 0.3194444444444445 0.03958333333333333 0.17037037037037037
0 0.07239583333333333 0.5055555555555555 0.05625 0.1925925925925926
0 0.83359375 0.4569444444444445 0.0421875 0.22685185185185186
0 0.6213541666666667 0.4953703703703704 0.04375 0.22037037037037038
