0 0.41901041666666666 0.1527777777777778 0.0203125 0.08888888888888889
0 0.3859375 0.48888888888888893 0.057291666666666664 0.14444444444444446
0 0.9677083333333333 0.2986111111111111 0.026041666666666668 0.04537037037037037
0 0.07708333333333334 0.42453703703703705 0.04791666666666666 0.21574074074074076
0 0.4401041666666667 0.0976851851851852 0.019791666666666666 0.09351851851851853
0 0.51328125 0.04814814814814815 0.021354166666666667 0.08518518518518518
0 0.4901041666666667 0.08055555555555556 0.022916666666666665 0.1388888888888889
0 0.46953125 0.11898148148148148 0.028645833333333332 0.14166666666666666
0 0.8372395833333334 0.17685185185185187 0.030729166666666665 0.11851851851851852
0 0.40338541666666666 0.4564814814814815 0.0421875 0.19814814814814816
0 0.8604166666666666 0.03657407407407408 0.02395833333333333 0.0712962962962963
0 0.87890625 0.30694444444444446 0.034895833333333334 0.16203703703703703
0 0.5385416666666667 0.06944444444444445 0.021875 0.10555555555555556
0 0.5096354166666667 0.12592592592592594 0.0328125 0.13148148148148148
0 0.3653645833333333 0.9583333333333334 0.059895833333333336 0.08148148148148149
0 0.44088541666666664 0.19444444444444445 0.03697916666666667 0.13333333333333333
0 0.5377604166666666 0.7453703703703703 0.0609375 0.3037037037037037
0 0.27317708333333335 0.27222222222222225 0.04114583333333333 0.16481481481481483
0 0.9216145833333333 0.38796296296296295 0.04114583333333333 0.1814814814814815
