0 0.028385416666666666 0.3212962962962963 0.04010416666666666 0.1685185185185185
0 0.5807291666666666 0.021296296296296296 0.0125 0.040740740740740744
0 0.0734375 0.3314814814814815 0.03333333333333333 0.12962962962962962
0 0.5075520833333333 0.1212962962962963 0.022395833333333334 0.12592592592592594
0 0.48020833333333335 0.11574074074074074 0.025 0.13333333333333333
0 0.9364583333333333 0.35370370370370374 0.0375 0.18888888888888888
0 0.22213541666666667 0.3199074074074074 0.0296875 0.15833333333333333
0 0.8408854166666666 0.5689814814814815 0.0484375 0.2101851851851852
0 0.6815104166666667 0.05555555555555556 0.025520833333333333 0.10740740740740741
0 0.39140625 0.18425925925925926 0.030729166666666665 0.09444444444444444
0 0.8822916666666667 0.5703703703703704 0.04583333333333333 0.20555555555555557
0 0.7713541666666667 0.5050925925925926 0.04583333333333333 0.20092592592592592
0 0.15703125 0.4087962962962963 0.0421875 0.19351851851851853
0 0.18723958333333332 0.6143518518518519 0.0796875 0.23611111111111113
0 0.7145833333333333 0.46111111111111114 0.03229166666666666 0.19444444444444445
0 0.5604166666666667 0.5430555555555556 0.04479166666666667 0.23240740740740742
