0 0.989062 0.681944 0.0197917 0.347222
0 0.0835937 0.430556 0.0203125 0.164815
0 0.967969 0.363426 0.0234375 0.0861111
0 0.178646 0.374074 0.0177083 0.0444444
0 0.334635 0.38287 0.0286458 0.0787037
0 0.0197917 0.44537 0.0302083 0.194444
0 0.332812 0.451389 0.0427083 0.125
0 0.15599 0.372222 0.0234375 0.0518519
0 0.0736979 0.42963 0.0348958 0.188889
0 0.763281 0.433333 0.0421875 0.224074
0 0.00963542 0.446759 0.0192708 0.19537
0 0.792448 0.424074 0.0317708 0.238889
0 0.04375 0.437037 0.034375 0.192593
0 0.602344 0.426389 0.0307292 0.180556
0 0.71901 0.428241 0.0473958 0.225
0 0.942708 0.438889 0.05 0.246296
0 0.37474 0.473611 0.0598958 0.158333
0 0.461719 0.543056 0.0765625 0.397222
0 0.879167 0.4375 0.05625 0.250926
0 0.120833 0.525926 0.0635417 0.342593
0 0.541927 0.539815 0.0755208 0.394444
