0 0.114808 0.356296 0.003579 0.015734
0 0.116908 0.357511 0.003744 0.018102
0 0.121959 0.355984 0.003404 0.016857
0 0.123298 0.344776 0.003731 0.015509
0 0.127105 0.344189 0.002960 0.016052
0 0.119154 0.372249 0.005009 0.023801
0 0.132643 0.355020 0.004250 0.018196
0 0.163458 0.360141 0.002890 0.015780
0 0.185627 0.356576 0.003433 0.013638
0 0.194931 0.357546 0.003967 0.018528
0 0.198946 0.356869 0.006292 0.018057
0 0.216881 0.355005 0.004240 0.018130
0 0.227587 0.343739 0.004112 0.015395
0 0.228582 0.349820 0.003194 0.017923
0 0.226620 0.396787 0.008375 0.023978
0 0.201683 0.466088 0.009228 0.048452
0 0.042591 0.356588 0.005474 0.023360
0 0.230670 0.538839 0.011020 0.033482
0 0.213557 0.540272 0.007635 0.027768
0 0.028549 0.542864 0.023782 0.031782
0 0.329551 0.449273 0.014611 0.046895
0 0.401950 0.458203 0.009477 0.050442
0 0.435179 0.452699 0.014837 0.040810
0 0.447118 0.455637 0.009566 0.049320
0 0.454792 0.456125 0.011301 0.050634
0 0.469743 0.470765 0.013569 0.051375
0 0.484103 0.461630 0.011694 0.049848
0 0.494136 0.456127 0.008955 0.047267
0 0.460537 0.424315 0.011441 0.037351
0 0.463267 0.397726 0.009640 0.031136
0 0.464241 0.395792 0.006780 0.032122
0 0.467267 0.394290 0.006075 0.032361
0 0.452988 0.396211 0.007066 0.032863
0 0.436124 0.394621 0.006342 0.032674
0 0.424988 0.403069 0.008817 0.035650
0 0.417413 0.399047 0.006763 0.034363
0 0.410936 0.400041 0.007759 0.035537
0 0.392207 0.374611 0.005561 0.026202
0 0.397709 0.372368 0.006733 0.029012
0 0.400673 0.370370 0.005135 0.028684
0 0.407958 0.366946 0.004631 0.025339
0 0.393777 0.370124 0.004428 0.024032
0 0.387988 0.370782 0.004885 0.024757
0 0.388637 0.362609 0.005578 0.017613
0 0.383640 0.363540 0.004640 0.022317
0 0.390384 0.360241 0.003010 0.016730
0 0.389466 0.361483 0.003926 0.018813
0 0.376409 0.368787 0.003136 0.019838
0 0.373612 0.371326 0.004024 0.017770
0 0.376996 0.365808 0.004091 0.022367
0 0.374931 0.363933 0.003406 0.022292
0 0.373440 0.364581 0.004034 0.020725
0 0.370479 0.364661 0.003757 0.021413
0 0.345636 0.351893 0.003133 0.022074
0 0.351421 0.350724 0.003611 0.017590
0 0.425676 0.326087 0.003822 0.011216
0 0.493283 0.336107 0.005057 0.017586
0 0.275196 0.353852 0.003426 0.015865
0 0.274117 0.352969 0.003597 0.018838
0 0.388875 0.333947 0.004802 0.011694
0 0.473110 0.684381 0.024032 0.105519
0 0.487571 0.657551 0.018656 0.100299
0 0.440302 0.594999 0.013441 0.092236
0 0.445210 0.552834 0.009038 0.049063
0 0.436142 0.539463 0.014830 0.068484
0 0.476836 0.541028 0.012881 0.074839
0 0.520682 0.421870 0.008426 0.040444
0 0.517434 0.417489 0.006446 0.041766
0 0.581922 0.394825 0.007368 0.038531
0 0.577120 0.402327 0.005669 0.022074
0 0.572263 0.392912 0.006586 0.039308
0 0.566506 0.332168 0.004497 0.017669
0 0.567904 0.329572 0.003600 0.015271
0 0.536267 0.329115 0.002572 0.015757
0 0.538760 0.333525 0.002542 0.016526
0 0.511089 0.315689 0.003514 0.009765
0 0.509124 0.315009 0.002177 0.010804
0 0.581218 0.324314 0.003948 0.015323
0 0.580888 0.320815 0.002668 0.009176
0 0.580517 0.321666 0.002541 0.013492
0 0.589670 0.320023 0.003079 0.013639
0 0.596201 0.320361 0.002381 0.015342
0 0.599569 0.322619 0.003265 0.014538
0 0.602899 0.321160 0.003046 0.017242
0 0.604903 0.321219 0.002449 0.015756
0 0.613996 0.322557 0.003983 0.013072
0 0.624652 0.324214 0.002261 0.014795
0 0.624168 0.325305 0.003021 0.013868
0 0.630018 0.330039 0.002833 0.016027
0 0.630920 0.328179 0.003362 0.015572
0 0.633644 0.330191 0.003035 0.008244
0 0.636801 0.328687 0.003356 0.017760
0 0.638747 0.328704 0.002609 0.016363
0 0.640224 0.328486 0.002786 0.016023
0 0.641087 0.327513 0.003198 0.017754
0 0.642896 0.327719 0.003012 0.017399
0 0.651013 0.328675 0.003749 0.016951
0 0.657037 0.326950 0.003985 0.017111
0 0.658794 0.328475 0.003270 0.016714
0 0.682299 0.331725 0.002918 0.017413
0 0.711700 0.366865 0.004793 0.025482
0 0.729222 0.364333 0.011250 0.026792
0 0.733850 0.356140 0.005394 0.026445
0 0.745703 0.353204 0.005483 0.022925
0 0.581468 0.303848 0.001918 0.010391
0 0.524362 0.331155 0.003040 0.014872
0 0.527622 0.328902 0.002883 0.015003
0 0.532483 0.330005 0.002127 0.013887
0 0.534050 0.331403 0.002176 0.013968
0 0.534456 0.334269 0.002525 0.016207
0 0.530291 0.331095 0.002642 0.014504
0 0.582418 0.302306 0.001923 0.008096
0 0.517075 0.658121 0.024583 0.104682
0 0.537480 0.660737 0.022531 0.100199
0 0.604735 0.612362 0.025111 0.099910
0 0.611143 0.613341 0.016046 0.091028
0 0.655246 0.571980 0.018860 0.085582
0 0.523427 0.842239 0.019499 0.074732
0 0.522786 0.870124 0.028345 0.117033
0 0.685337 0.855421 0.037819 0.120120
0 0.548734 0.481845 0.015963 0.049320
0 0.475439 0.506454 0.011199 0.057591
0 0.488506 0.481874 0.013914 0.054297
0 0.462946 0.469930 0.011930 0.023945
0 0.464373 0.513360 0.012259 0.060559
0 0.454400 0.518173 0.013190 0.054432
0 0.491634 0.542651 0.018413 0.071631
0 0.476946 0.541354 0.012792 0.075981
0 0.048557 0.736481 0.043018 0.118823
0 0.715004 0.765950 0.044233 0.127586
0 0.741113 0.730200 0.026048 0.117494
0 0.752150 0.725479 0.021407 0.113096
0 0.763954 0.720360 0.015580 0.122399
0 0.782998 0.719682 0.032291 0.131835
0 0.498286 0.842429 0.028636 0.128588
0 0.492614 0.964790 0.038225 0.186383
0 0.392656 0.971367 0.037745 0.174407
0 0.450047 0.996917 0.018435 0.088380
0 0.016007 0.375579 0.005615 0.030114
0 0.019240 0.383256 0.005516 0.031254
0 0.028177 0.382248 0.007836 0.029546
0 0.027790 0.374712 0.006606 0.030288
0 0.029833 0.381215 0.008211 0.026896
0 0.119515 0.342901 0.003457 0.015437
0 0.109653 0.347764 0.004002 0.016101
0 0.104770 0.340743 0.003009 0.013560
0 0.092706 0.347359 0.005231 0.015650
0 0.088318 0.348232 0.003310 0.016464
0 0.092075 0.345727 0.003373 0.018729
0 0.086470 0.344658 0.003396 0.015252
0 0.097808 0.341585 0.003850 0.016464
0 0.100558 0.333630 0.002316 0.009638
0 0.099011 0.334003 0.002244 0.009220
0 0.097328 0.334166 0.002352 0.009386
0 0.095527 0.333971 0.002438 0.009121
0 0.098619 0.324524 0.001760 0.009215
0 0.093060 0.331020 0.002864 0.012565
0 0.089625 0.330005 0.002906 0.009755
0 0.088522 0.330265 0.001987 0.009546
0 0.088205 0.330997 0.001770 0.009513
0 0.329996 0.367904 0.004574 0.021340
0 0.333019 0.365362 0.004353 0.020263
0 0.336386 0.368089 0.003537 0.020733
0 0.340325 0.368017 0.004286 0.021115
0 0.342770 0.366704 0.003411 0.021212
0 0.344709 0.364619 0.003277 0.019318
0 0.347752 0.367043 0.004214 0.024759
0 0.351230 0.365334 0.003478 0.024550
0 0.357017 0.367793 0.004459 0.026005
0 0.359966 0.367957 0.002764 0.016376
0 0.365280 0.367465 0.004917 0.023254
0 0.359561 0.364535 0.003646 0.022764
0 0.361827 0.367858 0.003096 0.022861
0 0.358336 0.357971 0.002274 0.016788
0 0.350430 0.362224 0.003458 0.022306
0 0.350440 0.354177 0.003600 0.019363
0 0.321880 0.365238 0.004256 0.027301
0 0.322316 0.353492 0.004300 0.018059
0 0.367340 0.366352 0.002437 0.021223
