0 0.101381 0.320200 0.001332 0.004781
0 0.101717 0.321491 0.000854 0.004429
0 0.100608 0.321990 0.001526 0.005717
0 0.100626 0.323793 0.001828 0.007428
0 0.092883 0.343028 0.002387 0.012789
0 0.091211 0.344638 0.003677 0.016191
0 0.093980 0.347162 0.002999 0.014941
0 0.090987 0.347795 0.004382 0.015985
0 0.086461 0.343676 0.002316 0.013558
0 0.042755 0.355689 0.003896 0.020825
0 0.122658 0.349090 0.003017 0.017017
0 0.124127 0.339925 0.003306 0.014981
0 0.126717 0.346564 0.003814 0.013734
0 0.107896 0.350737 0.002529 0.008290
0 0.127896 0.356713 0.003942 0.018951
0 0.132771 0.364473 0.004823 0.019429
0 0.137266 0.359461 0.004236 0.019581
0 0.144220 0.356928 0.004685 0.017773
0 0.198469 0.355372 0.005815 0.018540
0 0.206958 0.359294 0.004879 0.014744
0 0.212243 0.363552 0.006468 0.021777
0 0.228426 0.350206 0.003267 0.017115
0 0.245437 0.346685 0.003763 0.015072
0 0.234846 0.364556 0.006072 0.022493
0 0.091750 0.324721 0.001767 0.009881
0 0.016524 0.378216 0.009488 0.051193
0 0.054240 0.388471 0.005323 0.019807
0 0.006346 0.366705 0.003523 0.019402
0 0.088233 0.444630 0.008109 0.020491
0 0.096382 0.441107 0.009766 0.023991
0 0.094348 0.433634 0.009473 0.018949
0 0.107253 0.432343 0.011047 0.017764
0 0.105370 0.443336 0.011892 0.024170
0 0.245422 0.424625 0.008068 0.016025
0 0.146767 0.428860 0.010531 0.026947
0 0.039234 0.377215 0.005251 0.023785
0 0.047624 0.377436 0.005442 0.029806
0 0.033813 0.541122 0.013374 0.026709
0 0.214263 0.542653 0.009377 0.031469
0 0.231051 0.539509 0.014137 0.041346
0 0.401437 0.467303 0.009571 0.050968
0 0.388882 0.440335 0.010710 0.042450
0 0.389509 0.437390 0.006160 0.040900
0 0.438447 0.437857 0.010788 0.040707
0 0.491025 0.418197 0.010600 0.034220
0 0.463019 0.421822 0.007924 0.041177
0 0.457459 0.421027 0.007595 0.037282
0 0.451273 0.411387 0.007441 0.028693
0 0.445360 0.405798 0.009412 0.038256
0 0.438791 0.410094 0.008946 0.034766
0 0.435067 0.410170 0.007636 0.016611
0 0.453588 0.390770 0.006568 0.027312
0 0.448567 0.390180 0.006757 0.032175
0 0.413346 0.394331 0.006250 0.031712
0 0.420999 0.379639 0.005808 0.028509
0 0.415260 0.380500 0.005679 0.029026
0 0.401457 0.387504 0.006541 0.029721
0 0.391923 0.378706 0.005651 0.029812
0 0.388541 0.380048 0.005102 0.027905
0 0.386956 0.376655 0.005490 0.025800
0 0.382675 0.375572 0.004923 0.029186
0 0.390278 0.369823 0.005717 0.024461
0 0.393531 0.369215 0.004823 0.025283
0 0.389598 0.366631 0.004321 0.022553
0 0.364095 0.365915 0.006515 0.023537
0 0.359739 0.361104 0.004658 0.022727
0 0.362815 0.352977 0.004203 0.015473
0 0.356281 0.361839 0.004188 0.020697
0 0.355260 0.364340 0.007292 0.021549
0 0.351714 0.363134 0.003950 0.021007
0 0.355832 0.351180 0.002956 0.021479
0 0.353119 0.351310 0.003363 0.018554
0 0.349849 0.347137 0.001918 0.007577
0 0.349634 0.348101 0.002638 0.015173
0 0.348709 0.349426 0.003148 0.016987
0 0.348003 0.360686 0.005652 0.021417
0 0.344491 0.355975 0.003797 0.017770
0 0.341313 0.353782 0.004351 0.017119
0 0.340938 0.366567 0.003901 0.020985
0 0.337601 0.372327 0.005775 0.026902
0 0.314173 0.355146 0.003681 0.019927
0 0.260844 0.362151 0.004117 0.019723
0 0.260460 0.367385 0.004423 0.021442
0 0.259090 0.358706 0.003399 0.021300
0 0.375979 0.315965 0.002081 0.010014
0 0.475732 0.336912 0.003526 0.019292
0 0.478401 0.337254 0.004617 0.016529
0 0.477533 0.334146 0.002846 0.016756
0 0.488759 0.336783 0.003462 0.018649
0 0.487902 0.335687 0.002981 0.018280
0 0.491141 0.335381 0.003340 0.020820
0 0.289949 0.334815 0.003691 0.013464
0 0.446076 0.582602 0.015934 0.077883
0 0.460474 0.590377 0.017957 0.057674
0 0.472848 0.576915 0.011455 0.044005
0 0.481139 0.963415 0.035115 0.167953
0 0.456429 0.933472 0.034261 0.164437
0 0.510112 0.409051 0.006285 0.037935
0 0.565506 0.391294 0.005635 0.036134
0 0.570535 0.393307 0.006635 0.039785
0 0.576035 0.402724 0.006785 0.022122
0 0.581604 0.395150 0.006753 0.037764
0 0.514276 0.314923 0.002402 0.012249
0 0.565721 0.326653 0.004690 0.012887
0 0.569010 0.324087 0.003095 0.013538
0 0.571595 0.325330 0.003901 0.013020
0 0.572271 0.323194 0.003089 0.011940
0 0.572508 0.319048 0.002625 0.013460
0 0.574266 0.320952 0.002454 0.014412
0 0.574826 0.325394 0.004631 0.019206
0 0.564697 0.315588 0.002249 0.011261
0 0.566933 0.315366 0.002051 0.012020
0 0.577100 0.340162 0.005057 0.012406
0 0.578830 0.321440 0.002976 0.014440
0 0.578347 0.325300 0.002654 0.014726
0 0.583713 0.321895 0.003099 0.015028
0 0.587337 0.325556 0.003248 0.015376
0 0.590476 0.325005 0.002863 0.015220
0 0.587354 0.322492 0.002201 0.012492
0 0.587739 0.320347 0.002493 0.014519
0 0.589947 0.321777 0.002355 0.015139
0 0.596029 0.320894 0.003513 0.015243
0 0.598154 0.320122 0.002987 0.016163
0 0.600569 0.320958 0.002821 0.015236
0 0.602920 0.321101 0.003224 0.015522
0 0.600391 0.315279 0.001967 0.012235
0 0.598728 0.314608 0.002133 0.012136
0 0.595742 0.306633 0.002290 0.011233
0 0.590409 0.304872 0.001660 0.007492
0 0.617270 0.322284 0.002651 0.015093
0 0.624540 0.327087 0.002822 0.014605
0 0.636660 0.315018 0.002428 0.014571
0 0.639971 0.315854 0.002766 0.013111
0 0.672050 0.332533 0.005124 0.019024
0 0.696533 0.332729 0.003118 0.017593
0 0.705752 0.330982 0.003079 0.019419
0 0.676836 0.301695 0.002385 0.009920
0 0.616146 0.300393 0.001719 0.004583
0 0.564133 0.549946 0.017072 0.080524
0 0.575777 0.537609 0.013383 0.068420
0 0.584993 0.537066 0.010693 0.068180
0 0.670951 0.625999 0.022417 0.101305
0 0.671817 0.652093 0.017083 0.110380
0 0.707562 0.664386 0.024139 0.109499
0 0.539147 0.541743 0.013707 0.072602
0 0.997445 0.540645 0.009683 0.047194
0 0.534625 0.490502 0.017473 0.062224
0 0.538994 0.490003 0.008362 0.053905
0 0.501161 0.532923 0.020210 0.061611
0 0.492395 0.709499 0.019352 0.111803
0 0.592978 0.532897 0.011903 0.070789
0 0.030690 0.488499 0.017974 0.052824
0 0.024288 0.492854 0.014053 0.048220
0 0.543121 0.751782 0.025666 0.103418
0 0.560342 0.761207 0.020638 0.130889
0 0.458552 0.519029 0.014784 0.064686
0 0.439989 0.501407 0.017299 0.056413
0 0.425997 0.500273 0.015684 0.059435
0 0.419521 0.507752 0.009586 0.064854
0 0.423476 0.528054 0.014226 0.067470
0 0.406328 0.476613 0.009525 0.056523
0 0.653860 0.824217 0.025368 0.150293
0 0.654486 0.771681 0.026208 0.130853
0 0.043920 0.802010 0.049869 0.146441
0 0.028082 0.709766 0.029985 0.104994
0 0.097054 0.333168 0.002872 0.011554
0 0.094140 0.334670 0.002784 0.014247
0 0.094035 0.330215 0.001467 0.009025
0 0.092628 0.330364 0.001702 0.009997
0 0.092096 0.333461 0.002338 0.008782
0 0.090641 0.333267 0.001535 0.007491
0 0.098678 0.335172 0.001888 0.010522
0 0.092203 0.326101 0.001117 0.006571
0 0.270004 0.350997 0.003902 0.019557
0 0.274652 0.360010 0.004243 0.020347
0 0.277107 0.362277 0.003482 0.020849
0 0.282601 0.363629 0.004411 0.023468
0 0.090822 0.311994 0.001772 0.007153
0 0.091504 0.314723 0.001958 0.006160
0 0.093922 0.315362 0.001377 0.004766
0 0.318106 0.355038 0.002372 0.019441
0 0.323608 0.358970 0.003578 0.022982
0 0.327755 0.359215 0.003272 0.021128
0 0.332641 0.357277 0.003459 0.016030
