0 0.042675 0.354838 0.004002 0.018327
0 0.041494 0.365350 0.004618 0.019453
0 0.050366 0.364131 0.003570 0.019500
0 0.049796 0.376634 0.005984 0.024393
0 0.088842 0.440609 0.010341 0.042035
0 0.119233 0.439742 0.009522 0.028119
0 0.168159 0.426915 0.009450 0.029341
0 0.085789 0.350371 0.003255 0.016884
0 0.091071 0.345576 0.003321 0.013519
0 0.093905 0.347498 0.002934 0.015159
0 0.090951 0.335471 0.002352 0.012111
0 0.092518 0.333028 0.001261 0.008723
0 0.093608 0.332862 0.002081 0.009035
0 0.095417 0.332987 0.002242 0.009701
0 0.097356 0.332672 0.002608 0.010237
0 0.096629 0.335563 0.002454 0.012011
0 0.099017 0.336071 0.001865 0.010364
0 0.104899 0.344566 0.002647 0.014104
0 0.108401 0.344847 0.002509 0.013333
0 0.098827 0.353762 0.005233 0.018350
0 0.100576 0.355096 0.004702 0.016302
0 0.106956 0.350352 0.003637 0.017538
0 0.119894 0.345276 0.003781 0.014960
0 0.126703 0.344545 0.003535 0.015067
0 0.088766 0.376980 0.003221 0.023992
0 0.092122 0.377151 0.003871 0.023499
0 0.107550 0.374290 0.006089 0.020647
0 0.124183 0.370004 0.003900 0.022891
0 0.133312 0.358209 0.004019 0.020161
0 0.135922 0.357083 0.003743 0.017996
0 0.137735 0.363171 0.004405 0.021435
0 0.143854 0.354685 0.003513 0.017773
0 0.149889 0.357447 0.003129 0.018211
0 0.153451 0.354562 0.003352 0.018264
0 0.177204 0.355603 0.003812 0.010413
0 0.176636 0.362143 0.005910 0.017549
0 0.189678 0.352396 0.005805 0.018725
0 0.196377 0.354933 0.003756 0.017771
0 0.198794 0.353899 0.003672 0.017992
0 0.199054 0.355159 0.003322 0.016912
0 0.204049 0.356193 0.005012 0.017370
0 0.213549 0.360470 0.003644 0.019986
0 0.214599 0.360242 0.002973 0.019557
0 0.216385 0.361300 0.006151 0.021856
0 0.225916 0.351118 0.003875 0.019942
0 0.228223 0.349847 0.003097 0.017672
0 0.228038 0.360117 0.003221 0.007918
0 0.233552 0.357749 0.005324 0.019900
0 0.243144 0.360893 0.002014 0.009106
0 0.244183 0.359080 0.004514 0.017889
0 0.214018 0.354213 0.002954 0.016855
0 0.128937 0.439771 0.010337 0.024821
0 0.245578 0.427388 0.008025 0.019619
0 0.129229 0.358655 0.003997 0.019334
0 0.031241 0.392599 0.004082 0.022953
0 0.031919 0.389694 0.002525 0.012970
0 0.072272 0.439691 0.009374 0.034346
0 0.006120 0.654218 0.028336 0.104357
0 0.034332 0.542359 0.012704 0.026039
0 0.214399 0.541095 0.008883 0.025917
0 0.231261 0.539522 0.012266 0.033781
0 0.410081 0.472757 0.012024 0.049130
0 0.418996 0.465860 0.007415 0.048408
0 0.428846 0.466586 0.009455 0.049828
0 0.426550 0.438942 0.007856 0.039686
0 0.413706 0.448262 0.011869 0.047540
0 0.409624 0.447727 0.007760 0.041886
0 0.427463 0.412476 0.007414 0.036698
0 0.441365 0.412581 0.008581 0.035073
0 0.444433 0.406965 0.006752 0.035895
0 0.453522 0.410000 0.007474 0.034421
0 0.464101 0.409649 0.006860 0.036207
0 0.460243 0.397353 0.008269 0.032536
0 0.468105 0.396197 0.008676 0.032210
0 0.469917 0.409412 0.007338 0.034309
0 0.475557 0.407926 0.005768 0.037290
0 0.481517 0.405897 0.006301 0.035145
0 0.480066 0.415051 0.006586 0.035912
0 0.480906 0.420941 0.005715 0.029138
0 0.414153 0.391102 0.007166 0.029202
0 0.397334 0.377336 0.006083 0.027607
0 0.391992 0.370403 0.005857 0.026275
0 0.387271 0.370998 0.005257 0.026040
0 0.375948 0.372355 0.005207 0.025630
0 0.372166 0.373426 0.005307 0.025135
0 0.358655 0.373902 0.004794 0.023593
0 0.343338 0.360590 0.006218 0.019590
0 0.347995 0.350424 0.003686 0.017996
0 0.331449 0.358100 0.006147 0.021469
0 0.355062 0.352747 0.004389 0.015156
0 0.361872 0.350860 0.004327 0.019891
0 0.372359 0.347272 0.004866 0.015417
0 0.383064 0.355677 0.003981 0.017826
0 0.381816 0.352043 0.005349 0.019671
0 0.392261 0.347864 0.003469 0.018974
0 0.393754 0.349734 0.003701 0.018724
0 0.395526 0.348774 0.004099 0.020920
0 0.396377 0.347299 0.004166 0.017995
0 0.405434 0.350698 0.004891 0.019228
0 0.407151 0.345127 0.003209 0.017710
0 0.410676 0.346131 0.004237 0.019420
0 0.417939 0.349147 0.003910 0.018749
0 0.421288 0.348974 0.004466 0.019806
0 0.434937 0.342944 0.005552 0.020762
0 0.438806 0.343992 0.003079 0.019114
0 0.439693 0.343559 0.002650 0.017247
0 0.441805 0.344458 0.002914 0.016196
0 0.444261 0.345882 0.004680 0.016580
0 0.446100 0.342935 0.002775 0.014279
0 0.444282 0.341903 0.003182 0.016141
0 0.447941 0.341563 0.002736 0.016915
0 0.449952 0.342325 0.004386 0.016733
0 0.459605 0.343560 0.005634 0.018033
0 0.463258 0.336587 0.005002 0.016472
0 0.283182 0.359831 0.003927 0.018052
0 0.276938 0.358528 0.003805 0.019601
0 0.275228 0.357122 0.002893 0.015693
0 0.273350 0.358391 0.003420 0.013442
0 0.260089 0.359008 0.004574 0.016783
0 0.260091 0.353679 0.003823 0.016928
0 0.320659 0.359566 0.004298 0.018420
0 0.378800 0.329575 0.002641 0.011989
0 0.391447 0.331994 0.001782 0.008742
0 0.407134 0.333254 0.002728 0.010345
0 0.436728 0.340060 0.002515 0.015410
0 0.448377 0.337832 0.002569 0.015154
0 0.419944 0.307262 0.001352 0.007182
0 0.421198 0.346702 0.005201 0.019187
0 0.419022 0.344501 0.002886 0.018126
0 0.483674 0.684174 0.029977 0.117951
0 0.491159 0.685917 0.015399 0.103367
0 0.454361 0.552823 0.020185 0.074218
0 0.527033 0.470103 0.015409 0.051426
0 0.542011 0.467965 0.011947 0.054883
0 0.508265 0.396536 0.009008 0.037070
0 0.519223 0.404365 0.007374 0.036509
0 0.521136 0.392738 0.008412 0.036220
0 0.538843 0.402273 0.007447 0.036618
0 0.564893 0.388543 0.005249 0.033082
0 0.572031 0.393330 0.007369 0.039717
0 0.569223 0.401339 0.006516 0.040279
0 0.570934 0.407324 0.007284 0.037662
0 0.584326 0.394694 0.007358 0.037742
0 0.601660 0.397887 0.006717 0.037481
0 0.603998 0.399710 0.005266 0.036404
0 0.615087 0.384385 0.009714 0.032692
0 0.669583 0.389299 0.007233 0.027996
0 0.664982 0.361025 0.004971 0.028146
0 0.667442 0.366698 0.004381 0.017553
0 0.670628 0.360907 0.005932 0.028298
0 0.676394 0.364894 0.005224 0.031078
0 0.679414 0.361781 0.004634 0.030080
0 0.682326 0.366512 0.005292 0.025652
0 0.691246 0.364460 0.004465 0.031559
0 0.692730 0.361896 0.003724 0.017073
0 0.697209 0.369340 0.005496 0.025982
0 0.699517 0.367118 0.004444 0.027869
0 0.705882 0.369370 0.006245 0.026981
0 0.714319 0.367891 0.005055 0.030437
0 0.722970 0.368356 0.005064 0.031773
0 0.706422 0.332096 0.002914 0.015290
0 0.694371 0.335974 0.005201 0.020164
0 0.693657 0.335461 0.003207 0.018584
0 0.684449 0.308394 0.002350 0.011864
0 0.656722 0.303587 0.002072 0.011404
0 0.653812 0.304026 0.001585 0.009293
0 0.651374 0.314415 0.002826 0.011948
0 0.644199 0.316999 0.002456 0.010952
0 0.642243 0.315121 0.002546 0.014420
0 0.603745 0.314321 0.001766 0.009759
0 0.603427 0.311661 0.002463 0.013405
0 0.600261 0.315882 0.003168 0.013499
0 0.598662 0.316222 0.002095 0.013470
0 0.528961 0.314323 0.001685 0.010687
0 0.513579 0.315751 0.002011 0.011039
0 0.511555 0.315564 0.002604 0.011491
0 0.523883 0.331831 0.001790 0.012900
0 0.615736 0.301540 0.001968 0.009438
0 0.602122 0.554445 0.014647 0.079052
0 0.792997 0.561621 0.013833 0.068898
0 0.247928 0.360662 0.003890 0.023397
0 0.249616 0.360751 0.004410 0.021557
0 0.252688 0.360367 0.003097 0.020535
0 0.252431 0.357711 0.004542 0.018227
0 0.540254 0.526387 0.010494 0.062508
0 0.532158 0.526457 0.013769 0.070819
0 0.496367 0.448246 0.010844 0.040933
0 0.477850 0.485847 0.014958 0.049673
0 0.450215 0.472708 0.010596 0.047788
0 0.455262 0.489759 0.012725 0.066062
0 0.442755 0.501465 0.011802 0.063578
0 0.799297 0.804668 0.032995 0.139586
0 0.795192 0.769224 0.017086 0.048203
0 0.840828 0.801770 0.042801 0.134384
