0 0.099154 0.354263 0.004611 0.018998
0 0.103802 0.354457 0.004245 0.017665
0 0.072026 0.367947 0.004365 0.017539
0 0.066514 0.366831 0.004993 0.022641
0 0.134960 0.360221 0.004319 0.020106
0 0.138948 0.358575 0.003450 0.019370
0 0.121311 0.357345 0.004951 0.018267
0 0.131423 0.354578 0.005317 0.019323
0 0.127378 0.354064 0.004565 0.017603
0 0.133550 0.354994 0.002866 0.017547
0 0.123765 0.355090 0.003751 0.015719
0 0.125601 0.342106 0.003339 0.014856
0 0.143650 0.357551 0.003147 0.011798
0 0.178238 0.363023 0.005707 0.021774
0 0.173045 0.363587 0.006252 0.021615
0 0.194560 0.362484 0.002574 0.006773
0 0.200001 0.359972 0.005942 0.018890
0 0.168228 0.422082 0.006855 0.016754
0 0.128607 0.436926 0.008981 0.017319
0 0.119155 0.436194 0.009219 0.020459
0 0.116543 0.429209 0.006950 0.017436
0 0.088950 0.439957 0.008672 0.035170
0 0.050655 0.374368 0.006285 0.022412
0 0.042727 0.376487 0.004066 0.017613
0 0.034379 0.377578 0.003485 0.019335
0 0.028016 0.379217 0.003724 0.019326
0 0.042945 0.351280 0.003476 0.012049
0 0.226659 0.348229 0.003498 0.013556
0 0.127002 0.347932 0.003132 0.012190
0 0.089244 0.671686 0.018356 0.102594
0 0.027691 0.543422 0.022562 0.031254
0 0.213760 0.542193 0.006697 0.031767
0 0.230770 0.538521 0.010865 0.031763
0 0.033792 0.545090 0.013589 0.023814
0 0.329670 0.358681 0.005678 0.020400
0 0.332078 0.358185 0.003323 0.020722
0 0.342978 0.355325 0.004951 0.020797
0 0.352734 0.375594 0.005319 0.027622
0 0.379027 0.328488 0.003245 0.010641
0 0.376251 0.351343 0.005630 0.020582
0 0.372483 0.373683 0.004753 0.024712
0 0.377320 0.372176 0.003756 0.026740
0 0.386417 0.370411 0.004413 0.025869
0 0.390403 0.369866 0.004872 0.026356
0 0.395903 0.370533 0.007724 0.024692
0 0.400168 0.372861 0.004581 0.019950
0 0.395967 0.348547 0.006486 0.021265
0 0.401642 0.346145 0.004054 0.018107
0 0.404564 0.348158 0.003878 0.019661
0 0.406903 0.347992 0.003578 0.019170
0 0.411187 0.350993 0.003124 0.014819
0 0.410552 0.347894 0.003390 0.020385
0 0.413836 0.346489 0.004842 0.019914
0 0.415928 0.347783 0.005919 0.017988
0 0.419999 0.346834 0.004228 0.017403
0 0.420085 0.344592 0.003243 0.016580
0 0.420907 0.341088 0.002145 0.010074
0 0.416167 0.333397 0.002446 0.008817
0 0.424990 0.345391 0.004828 0.018223
0 0.427129 0.343937 0.005529 0.020609
0 0.427717 0.343460 0.004777 0.017973
0 0.433473 0.343045 0.005127 0.020133
0 0.435666 0.346595 0.004449 0.019410
0 0.440841 0.346057 0.003596 0.019591
0 0.441059 0.340939 0.002757 0.017074
0 0.448926 0.341198 0.002682 0.019177
0 0.453331 0.343432 0.003308 0.018772
0 0.459503 0.341667 0.002667 0.019363
0 0.472325 0.336456 0.005244 0.016639
0 0.483809 0.338078 0.003661 0.017930
0 0.485699 0.335932 0.003332 0.017171
0 0.420638 0.390111 0.006869 0.028855
0 0.427067 0.403717 0.006815 0.032694
0 0.436817 0.397966 0.006304 0.031907
0 0.447818 0.395686 0.006063 0.031155
0 0.452456 0.394277 0.005627 0.033196
0 0.488440 0.395014 0.009345 0.032622
0 0.472154 0.435665 0.008987 0.042633
0 0.422851 0.413512 0.006405 0.035188
0 0.411122 0.436134 0.008200 0.042790
0 0.426475 0.437533 0.008328 0.040151
0 0.427653 0.446685 0.006448 0.045122
0 0.437805 0.441353 0.006915 0.036464
0 0.438256 0.449251 0.010676 0.045298
0 0.432830 0.462898 0.011339 0.062352
0 0.422334 0.469886 0.011119 0.052492
0 0.405530 0.468749 0.012256 0.053831
0 0.397113 0.471029 0.008514 0.050688
0 0.255519 0.361766 0.004120 0.015253
0 0.258740 0.360821 0.003925 0.016479
0 0.322426 0.359033 0.003939 0.013412
0 0.320639 0.363529 0.004585 0.017708
0 0.458977 0.593039 0.022793 0.092450
0 0.464508 0.594817 0.012452 0.081963
0 0.518070 0.397030 0.005862 0.034466
0 0.522563 0.405760 0.006426 0.035897
0 0.527441 0.410655 0.005077 0.028340
0 0.534691 0.390395 0.007826 0.035612
0 0.571343 0.393596 0.008492 0.034102
0 0.571755 0.393410 0.006925 0.040118
0 0.577829 0.402212 0.007186 0.021983
0 0.583916 0.394633 0.007233 0.038005
0 0.588719 0.395343 0.005746 0.034274
0 0.595642 0.393146 0.003599 0.036716
0 0.601640 0.397992 0.006581 0.038105
0 0.604041 0.399727 0.005632 0.035976
0 0.609976 0.401279 0.006337 0.038545
0 0.676016 0.373808 0.008251 0.029858
0 0.723100 0.368746 0.005345 0.031304
0 0.714281 0.367860 0.004814 0.030177
0 0.706064 0.369620 0.005898 0.026673
0 0.706420 0.366476 0.004667 0.025571
0 0.708864 0.365922 0.004004 0.026720
0 0.699715 0.367066 0.003541 0.028013
0 0.697454 0.369301 0.005309 0.026198
0 0.694364 0.366387 0.005568 0.030278
0 0.690411 0.364578 0.004255 0.031473
0 0.685736 0.367601 0.004473 0.029174
0 0.684862 0.365698 0.003677 0.030597
0 0.682293 0.366613 0.004561 0.025565
0 0.679037 0.360897 0.003365 0.027124
0 0.676203 0.361933 0.004011 0.024585
0 0.670489 0.361205 0.004361 0.028792
0 0.666596 0.366850 0.004711 0.017581
0 0.663862 0.360981 0.005182 0.028257
0 0.665474 0.312378 0.003164 0.014942
0 0.667795 0.312991 0.002897 0.013245
0 0.667867 0.309891 0.002317 0.006637
0 0.676586 0.311469 0.002514 0.011574
0 0.744011 0.340598 0.004444 0.022141
0 0.739841 0.336556 0.004210 0.019779
0 0.737677 0.336502 0.003232 0.018394
0 0.737590 0.340370 0.003607 0.020628
0 0.735067 0.342359 0.003973 0.010140
0 0.731375 0.340176 0.003408 0.019326
0 0.724318 0.340112 0.004102 0.019954
0 0.726777 0.335464 0.003171 0.018109
0 0.724717 0.335900 0.003696 0.018923
0 0.718305 0.334662 0.003940 0.020561
0 0.570860 0.316645 0.003295 0.012446
0 0.529920 0.339221 0.003527 0.010732
0 0.530160 0.332424 0.003137 0.011749
0 0.515750 0.332086 0.004567 0.014178
0 0.504166 0.334878 0.004507 0.016673
0 0.513219 0.314882 0.001959 0.011343
0 0.518963 0.317002 0.003077 0.013178
0 0.521152 0.317823 0.001791 0.010810
0 0.522504 0.317116 0.002049 0.011627
0 0.526874 0.315164 0.002825 0.012560
0 0.530967 0.315569 0.002397 0.011650
0 0.534846 0.316078 0.001958 0.011565
0 0.607407 0.300671 0.001367 0.008080
0 0.627444 0.301685 0.001577 0.007863
0 0.615075 0.301700 0.001085 0.006887
0 0.685699 0.661268 0.017446 0.098292
0 0.668311 0.646814 0.016158 0.036896
0 0.653664 0.656615 0.019016 0.101611
0 0.585693 0.651484 0.017001 0.101925
0 0.569172 0.606255 0.016044 0.080810
0 0.556467 0.604348 0.018969 0.095354
0 0.956188 0.838614 0.028948 0.151884
0 0.518058 0.494805 0.012352 0.061245
0 0.458184 0.514108 0.014325 0.060695
0 0.443623 0.502714 0.013537 0.058607
0 0.631801 0.521206 0.010839 0.064558
0 0.641266 0.499050 0.013991 0.067095
0 0.628250 0.501773 0.018049 0.058124
