0 0.245817 0.357185 0.003896 0.017264
0 0.243675 0.356710 0.002975 0.018617
0 0.243431 0.357421 0.003742 0.018476
0 0.241583 0.357598 0.003245 0.019371
0 0.239641 0.356623 0.003702 0.019209
0 0.236898 0.355787 0.002897 0.015051
0 0.234199 0.354973 0.003739 0.018264
0 0.232445 0.356542 0.003698 0.017089
0 0.228331 0.349735 0.003168 0.018065
0 0.239394 0.343510 0.003457 0.017070
0 0.234737 0.342759 0.002850 0.015851
0 0.226061 0.344643 0.003749 0.014331
0 0.226478 0.359123 0.005212 0.021162
0 0.225002 0.359039 0.002472 0.021532
0 0.223668 0.354681 0.003808 0.015546
0 0.218273 0.363334 0.003074 0.020777
0 0.219162 0.353180 0.005917 0.020318
0 0.213669 0.355966 0.003899 0.019084
0 0.206148 0.364158 0.004984 0.021952
0 0.205533 0.353630 0.003400 0.017304
0 0.203753 0.358550 0.004076 0.012739
0 0.199173 0.356239 0.006395 0.018359
0 0.193062 0.364213 0.004011 0.023277
0 0.189889 0.362876 0.003222 0.020588
0 0.185082 0.352885 0.003839 0.019599
0 0.154842 0.365622 0.003314 0.021293
0 0.132802 0.358720 0.003922 0.010170
0 0.129503 0.356346 0.004275 0.013062
0 0.134242 0.349627 0.003859 0.016284
0 0.121128 0.355005 0.003225 0.018280
0 0.116037 0.356133 0.003920 0.018879
0 0.098342 0.376142 0.004056 0.020120
0 0.089453 0.378122 0.004919 0.022959
0 0.108798 0.345723 0.003387 0.015274
0 0.103477 0.348458 0.002845 0.016114
0 0.097437 0.349848 0.003496 0.014970
0 0.094700 0.349840 0.003657 0.012075
0 0.094005 0.347200 0.002930 0.014726
0 0.090781 0.347716 0.004401 0.016212
0 0.091123 0.343922 0.002399 0.013853
0 0.100524 0.333965 0.002116 0.010309
0 0.097756 0.335299 0.002498 0.012041
0 0.096299 0.334950 0.002396 0.011050
0 0.095023 0.334408 0.002163 0.011091
0 0.093446 0.333758 0.001821 0.011050
0 0.092432 0.333541 0.001706 0.009921
0 0.089761 0.329573 0.002045 0.008932
0 0.087757 0.330929 0.001750 0.009847
0 0.101483 0.330784 0.001614 0.009554
0 0.049505 0.375911 0.005354 0.025283
0 0.040909 0.373269 0.005301 0.022924
0 0.029038 0.377145 0.004503 0.019838
0 0.017263 0.382835 0.009791 0.036719
0 0.043132 0.356519 0.003780 0.020970
0 0.166153 0.427306 0.006279 0.030669
0 0.028475 0.544739 0.023918 0.029128
0 0.214500 0.541091 0.008043 0.031104
0 0.343878 0.450025 0.009139 0.044670
0 0.347319 0.447049 0.011302 0.046210
0 0.392034 0.449951 0.009634 0.047188
0 0.412836 0.462070 0.010666 0.045792
0 0.421850 0.467806 0.010780 0.035533
0 0.419417 0.447302 0.007586 0.043775
0 0.434334 0.460105 0.008666 0.026221
0 0.442493 0.449493 0.010393 0.043880
0 0.466307 0.450182 0.009573 0.046348
0 0.472090 0.453730 0.007634 0.040038
0 0.478122 0.454071 0.009619 0.046671
0 0.485619 0.454471 0.008052 0.044431
0 0.492299 0.453706 0.009095 0.047823
0 0.423958 0.428065 0.008583 0.038474
0 0.431740 0.436121 0.010236 0.040625
0 0.447414 0.423292 0.010838 0.037495
0 0.452287 0.418124 0.006562 0.040876
0 0.479203 0.409451 0.008124 0.038222
0 0.483938 0.416177 0.005318 0.023732
0 0.470052 0.389491 0.006403 0.034445
0 0.435360 0.422812 0.007817 0.036978
0 0.431234 0.406685 0.005992 0.033548
0 0.436468 0.406226 0.006548 0.037903
0 0.431669 0.388762 0.007238 0.025783
0 0.422221 0.385893 0.007083 0.030849
0 0.417274 0.386155 0.005248 0.030735
0 0.422281 0.371365 0.005685 0.016922
0 0.408551 0.385544 0.006030 0.028930
0 0.394496 0.379856 0.005613 0.028098
0 0.389096 0.381227 0.005943 0.029856
0 0.382850 0.382957 0.004416 0.029035
0 0.372787 0.352272 0.003457 0.020675
0 0.363410 0.370418 0.003771 0.022715
0 0.364331 0.362767 0.006879 0.019371
0 0.360225 0.358983 0.003437 0.016843
0 0.360644 0.355060 0.003976 0.015856
0 0.361133 0.348858 0.003324 0.016127
0 0.359169 0.352815 0.002502 0.019952
0 0.357738 0.349339 0.002204 0.016459
0 0.354064 0.346449 0.001718 0.006469
0 0.352692 0.349075 0.002925 0.017060
0 0.253861 0.359739 0.003935 0.019206
0 0.339862 0.355871 0.004712 0.018306
0 0.341058 0.354711 0.003984 0.019853
0 0.345898 0.351787 0.004997 0.019102
0 0.339886 0.348763 0.003090 0.015256
0 0.340162 0.347738 0.002629 0.017113
0 0.379035 0.329041 0.004432 0.011254
0 0.399566 0.328630 0.002269 0.007274
0 0.404782 0.328452 0.002469 0.007155
0 0.468495 0.612908 0.019538 0.094095
0 0.467018 0.540554 0.013656 0.072690
0 0.453678 0.539237 0.010938 0.070184
0 0.561181 0.467930 0.009188 0.048613
0 0.558665 0.446409 0.008628 0.047075
0 0.518060 0.462427 0.009969 0.051196
0 0.566051 0.391250 0.006091 0.035931
0 0.572235 0.393383 0.007491 0.039465
0 0.577598 0.402702 0.005758 0.021596
0 0.582526 0.394992 0.007456 0.038186
0 0.509155 0.384283 0.008747 0.031931
0 0.588732 0.342254 0.004337 0.012459
0 0.509713 0.315708 0.002338 0.009851
0 0.511856 0.315030 0.003109 0.010851
0 0.522675 0.316077 0.001853 0.011284
0 0.524201 0.315811 0.001792 0.010984
0 0.526757 0.316016 0.002484 0.010222
0 0.528070 0.315549 0.001829 0.011430
0 0.529340 0.317086 0.003326 0.011328
0 0.532641 0.315936 0.002199 0.011279
0 0.534733 0.316259 0.002356 0.011363
0 0.566426 0.306814 0.002104 0.010988
0 0.564266 0.316476 0.002819 0.015415
0 0.567729 0.314656 0.002410 0.013675
0 0.568755 0.316655 0.002413 0.013512
0 0.571464 0.314230 0.002116 0.013592
0 0.576009 0.316307 0.003179 0.013263
0 0.577303 0.316144 0.002299 0.013676
0 0.578515 0.316973 0.002055 0.012353
0 0.581032 0.319826 0.004088 0.012723
0 0.587824 0.316079 0.003121 0.013112
0 0.589289 0.316086 0.003123 0.013059
0 0.590226 0.315265 0.002088 0.013869
0 0.598442 0.316574 0.002747 0.014544
0 0.603361 0.315355 0.002796 0.014826
0 0.604641 0.316398 0.002913 0.013520
0 0.629425 0.314189 0.002016 0.013959
0 0.657630 0.319507 0.003888 0.012883
0 0.672579 0.333240 0.003962 0.018251
0 0.745723 0.354189 0.006837 0.021710
0 0.726257 0.361643 0.005872 0.025063
0 0.720888 0.362296 0.006431 0.022453
0 0.722847 0.368682 0.004988 0.031746
0 0.714287 0.367835 0.005129 0.030295
0 0.706293 0.369567 0.005895 0.026249
0 0.699480 0.367035 0.004974 0.027688
0 0.696526 0.369395 0.005117 0.026052
0 0.694285 0.366331 0.005362 0.030206
0 0.691936 0.364242 0.004425 0.031259
0 0.687035 0.366240 0.005292 0.030256
0 0.685014 0.367620 0.004658 0.029546
0 0.682280 0.366429 0.004799 0.025852
0 0.677318 0.360619 0.004377 0.028086
0 0.676359 0.364708 0.004753 0.030499
0 0.670551 0.366465 0.004752 0.016645
0 0.667223 0.360666 0.005999 0.026955
0 0.520645 0.348514 0.004455 0.014209
0 0.534880 0.313399 0.001630 0.009996
0 0.605439 0.314257 0.002010 0.012204
0 0.678613 0.332376 0.002685 0.016747
0 0.681383 0.331989 0.003230 0.017308
0 0.692858 0.362456 0.003757 0.015959
0 0.706316 0.366583 0.004748 0.026647
0 0.655897 0.302968 0.001654 0.008941
0 0.607590 0.300027 0.001299 0.006470
0 0.590469 0.305914 0.001293 0.009268
0 0.573897 0.303121 0.001776 0.007235
0 0.595996 0.946981 0.056664 0.168144
0 0.809470 0.289845 0.002066 0.009554
0 0.991940 0.542323 0.007952 0.042574
0 0.412145 0.492436 0.010543 0.054113
0 0.579600 0.529343 0.015044 0.068182
0 0.498535 0.596846 0.018253 0.109264
0 0.252209 0.356764 0.004148 0.018483
0 0.251019 0.362293 0.004732 0.015613
0 0.788733 0.815500 0.032209 0.143118
0 0.091347 0.315001 0.001228 0.004993
0 0.070034 0.428900 0.006287 0.015657
0 0.086784 0.434078 0.006157 0.024562
0 0.103725 0.436269 0.005546 0.028109
0 0.117026 0.434646 0.008728 0.027995
0 0.127437 0.432141 0.007623 0.023632
0 0.117607 0.437275 0.009318 0.025288
0 0.069729 0.437528 0.008054 0.025037
0 0.335794 0.357333 0.003682 0.014970
0 0.324348 0.365559 0.004376 0.019777
0 0.334261 0.363399 0.007794 0.021760
0 0.595078 0.314862 0.001164 0.006712
0 0.595857 0.314798 0.001112 0.006841
0 0.595798 0.318437 0.001117 0.007381
0 0.596632 0.318528 0.001078 0.007246
0 0.597597 0.318980 0.001218 0.006039
0 0.595173 0.317717 0.001873 0.009391
0 0.275823 0.361855 0.003782 0.021990
0 0.277165 0.358217 0.002382 0.014247
0 0.273141 0.353129 0.003720 0.020176
0 0.266982 0.362926 0.003771 0.021201
