0 0.542047 0.418734 0.008115 0.046177
0 0.515685 0.386032 0.005831 0.033924
0 0.510316 0.387187 0.004908 0.032896
0 0.508577 0.385046 0.005335 0.032436
0 0.575865 0.400120 0.009050 0.039798
0 0.569800 0.401414 0.007039 0.034770
0 0.565190 0.394556 0.004430 0.023719
0 0.626905 0.387505 0.005697 0.035668
0 0.615905 0.383386 0.004218 0.026650
0 0.612943 0.389883 0.007843 0.035589
0 0.610531 0.399304 0.008385 0.036096
0 0.599314 0.386424 0.008975 0.032643
0 0.587098 0.385527 0.008074 0.036344
0 0.566855 0.382001 0.008008 0.022959
0 0.582020 0.331766 0.004289 0.017387
0 0.574798 0.326515 0.003641 0.016361
0 0.572388 0.327078 0.003160 0.016708
0 0.569400 0.328953 0.002579 0.013525
0 0.564288 0.326541 0.005525 0.017178
0 0.579297 0.325082 0.004670 0.016038
0 0.578461 0.325553 0.001867 0.015091
0 0.577859 0.324191 0.002386 0.016731
0 0.589625 0.315888 0.003641 0.015488
0 0.598186 0.316334 0.002778 0.013842
0 0.601716 0.317627 0.002488 0.006928
0 0.601045 0.314939 0.002298 0.011631
0 0.601998 0.310048 0.002809 0.013899
0 0.650173 0.329259 0.003552 0.016460
0 0.664295 0.330141 0.003650 0.017910
0 0.676574 0.332681 0.002679 0.019015
0 0.681868 0.332559 0.003770 0.019164
0 0.685043 0.332632 0.007395 0.021121
0 0.693576 0.332652 0.003141 0.018870
0 0.722567 0.334157 0.002317 0.020448
0 0.732049 0.331204 0.003113 0.010415
0 0.733706 0.332897 0.003135 0.017708
0 0.587586 0.307569 0.001519 0.008812
0 0.586037 0.303577 0.002072 0.009551
0 0.582391 0.303270 0.002324 0.008803
0 0.513190 0.315509 0.002172 0.011092
0 0.715800 0.331511 0.003060 0.018064
0 0.590182 0.304369 0.001421 0.006468
0 0.616073 0.301328 0.001657 0.006888
0 0.671149 0.367272 0.006745 0.025098
0 0.698423 0.372129 0.006937 0.019415
0 0.028495 0.543479 0.024074 0.030315
0 0.207042 0.533496 0.009363 0.040223
0 0.516107 0.685209 0.023994 0.110070
0 0.581304 0.549938 0.016384 0.078679
0 0.563448 0.546513 0.015571 0.081246
0 0.087490 0.343612 0.002865 0.014130
0 0.087755 0.320898 0.001862 0.008985
0 0.091194 0.336991 0.003052 0.009435
0 0.093784 0.337043 0.001981 0.014015
0 0.093538 0.347486 0.005756 0.017205
0 0.094387 0.358018 0.004067 0.016966
0 0.092066 0.362866 0.003964 0.011918
0 0.097000 0.361813 0.003814 0.019282
0 0.095587 0.332294 0.002630 0.010824
0 0.097768 0.335953 0.002586 0.013454
0 0.101151 0.331010 0.003396 0.008284
0 0.097103 0.338524 0.003934 0.013268
0 0.097813 0.340785 0.003070 0.013664
0 0.107954 0.357562 0.003139 0.017669
0 0.109269 0.350749 0.002642 0.015298
0 0.105480 0.356809 0.002594 0.014770
0 0.119779 0.344647 0.002578 0.015952
0 0.121760 0.344074 0.002864 0.013945
0 0.123769 0.358727 0.004169 0.020724
0 0.124490 0.355481 0.003141 0.018744
0 0.134666 0.349966 0.003848 0.017724
0 0.130340 0.350139 0.003604 0.016887
0 0.129236 0.352131 0.004042 0.017705
0 0.128540 0.354566 0.004260 0.019810
0 0.190628 0.361540 0.003618 0.019472
0 0.191320 0.360979 0.004327 0.021174
0 0.201748 0.364472 0.006111 0.022667
0 0.207723 0.356043 0.004041 0.016376
0 0.213300 0.356015 0.003317 0.017686
0 0.228471 0.352875 0.004217 0.021642
0 0.243417 0.360106 0.004057 0.018876
0 0.213947 0.449364 0.012250 0.039057
0 0.157264 0.356705 0.003703 0.017699
0 0.898018 0.901990 0.051107 0.182993
0 0.868300 0.899687 0.031180 0.166159
0 0.805350 0.905716 0.042918 0.190233
0 0.484475 0.530350 0.009909 0.041997
0 0.475609 0.533711 0.009503 0.036771
0 0.464326 0.550909 0.017072 0.081931
0 0.452443 0.567001 0.011691 0.047100
0 0.438481 0.547145 0.020181 0.084158
0 0.435573 0.441443 0.008392 0.049267
0 0.440785 0.455935 0.008580 0.047556
0 0.451579 0.453879 0.010244 0.044892
0 0.455750 0.445752 0.008278 0.046295
0 0.470695 0.439263 0.014290 0.026494
0 0.362981 0.381390 0.004709 0.029373
0 0.367402 0.381509 0.005598 0.027701
0 0.371835 0.384549 0.006150 0.023415
0 0.382868 0.373897 0.006638 0.023480
0 0.383905 0.386735 0.005750 0.033357
0 0.387405 0.384323 0.004659 0.030482
0 0.393395 0.379027 0.004552 0.026277
0 0.392878 0.386276 0.005931 0.028800
0 0.396424 0.391103 0.004248 0.019805
0 0.399783 0.376856 0.004870 0.022525
0 0.400356 0.385018 0.007027 0.031126
0 0.407319 0.383901 0.005733 0.027327
0 0.408332 0.393360 0.006045 0.029206
0 0.411367 0.391412 0.006014 0.030617
0 0.407673 0.395988 0.006162 0.032082
0 0.415223 0.398921 0.006257 0.033545
0 0.417800 0.368490 0.006870 0.022022
0 0.413774 0.375108 0.006566 0.023759
0 0.417402 0.382186 0.006676 0.023881
0 0.417724 0.389924 0.004899 0.028810
0 0.421359 0.386507 0.005153 0.032219
0 0.422793 0.404086 0.006177 0.030278
0 0.430275 0.373387 0.004688 0.028447
0 0.427984 0.375049 0.005893 0.022470
0 0.427285 0.376715 0.007003 0.020358
0 0.426016 0.398143 0.007640 0.026761
0 0.427810 0.398564 0.007377 0.025410
0 0.442876 0.377642 0.005302 0.028864
0 0.447530 0.379322 0.004401 0.028530
0 0.438309 0.390777 0.006726 0.030270
0 0.441000 0.401048 0.004998 0.034404
0 0.444683 0.400858 0.005243 0.022935
0 0.462185 0.402937 0.008773 0.033715
0 0.465059 0.387853 0.006842 0.034076
0 0.471019 0.389149 0.005981 0.030286
0 0.475214 0.390040 0.005933 0.029126
0 0.477797 0.395304 0.008500 0.032654
0 0.482389 0.387781 0.005026 0.028146
0 0.489115 0.396072 0.006879 0.023435
0 0.491455 0.392938 0.003663 0.027089
0 0.494355 0.386538 0.004947 0.031316
0 0.495939 0.392516 0.007445 0.031672
0 0.254887 0.353421 0.004613 0.017287
0 0.426848 0.344081 0.004936 0.018193
0 0.427397 0.320666 0.002543 0.011398
0 0.445516 0.343578 0.002423 0.012916
0 0.463292 0.334209 0.003964 0.018071
0 0.472958 0.331670 0.003550 0.012393
0 0.472003 0.336450 0.004645 0.015546
0 0.473057 0.339589 0.005868 0.014496
0 0.472891 0.337198 0.002164 0.009157
0 0.476070 0.338237 0.004625 0.016115
0 0.477738 0.334227 0.002315 0.015802
0 0.479467 0.336820 0.002273 0.017021
0 0.481493 0.337110 0.002501 0.016637
0 0.482319 0.337307 0.002412 0.016880
0 0.483939 0.337389 0.002747 0.016589
0 0.485269 0.336723 0.002460 0.015946
0 0.488270 0.334933 0.002814 0.020881
0 0.492413 0.334762 0.003047 0.019274
0 0.493625 0.336805 0.002407 0.017410
0 0.495819 0.336774 0.002231 0.016423
0 0.496478 0.336870 0.002792 0.018782
0 0.497612 0.337118 0.002630 0.017448
0 0.605476 0.996942 0.029184 0.196335
0 0.642139 0.982197 0.032515 0.196460
0 0.670247 0.850183 0.032045 0.164931
0 0.645543 0.839713 0.029446 0.159094
0 0.615365 0.843648 0.034692 0.151488
0 0.586538 0.850222 0.026435 0.172846
0 0.499255 0.400170 0.006493 0.037408
0 0.562363 0.496142 0.013656 0.064241
0 0.579654 0.512151 0.019545 0.072443
0 0.568874 0.516768 0.011370 0.063803
0 0.504168 0.794482 0.035053 0.152074
0 0.518487 0.783074 0.025459 0.138627
0 0.499605 0.736768 0.026933 0.137760
0 0.497406 0.692629 0.026269 0.113053
0 0.516137 0.681570 0.023180 0.097580
0 0.496083 0.457045 0.009589 0.044680
0 0.528695 0.527239 0.014072 0.063824
0 0.499349 0.524360 0.015853 0.063815
0 0.484041 0.530399 0.010804 0.041986
0 0.475526 0.533604 0.009498 0.036694
0 0.463965 0.514721 0.010672 0.058921
0 0.744153 0.697259 0.034839 0.096505
0 0.783165 0.797059 0.038636 0.128964
0 0.811886 0.797559 0.041022 0.146653
