0 0.479909 0.569956 0.021973 0.077246
0 0.462537 0.567989 0.019107 0.078988
0 0.458533 0.585759 0.015622 0.082144
0 0.443663 0.596677 0.018497 0.085242
0 0.794613 1.000000 0.040914 0.193589
0 0.044412 0.633565 0.027224 0.083302
0 0.028520 0.543859 0.024258 0.029702
0 0.215167 0.536445 0.010016 0.020025
0 0.231238 0.536838 0.010319 0.029054
0 0.520505 0.404712 0.009701 0.038568
0 0.569848 0.393164 0.008070 0.039901
0 0.575680 0.402576 0.006076 0.022047
0 0.581502 0.394938 0.006964 0.037797
0 0.744204 0.357482 0.007118 0.019955
0 0.736237 0.360631 0.006641 0.025788
0 0.733185 0.358421 0.003433 0.024853
0 0.729488 0.363770 0.005078 0.020639
0 0.714816 0.362161 0.006457 0.023737
0 0.706534 0.359534 0.004840 0.025133
0 0.698775 0.363125 0.005246 0.024879
0 0.682120 0.329293 0.002623 0.012535
0 0.672767 0.330233 0.003300 0.017508
0 0.661049 0.333686 0.002446 0.010233
0 0.657227 0.330648 0.003249 0.016324
0 0.654649 0.329853 0.003633 0.018092
0 0.639342 0.328323 0.004635 0.013961
0 0.623420 0.326142 0.002702 0.015974
0 0.620420 0.326098 0.003091 0.016372
0 0.619103 0.322939 0.001835 0.013644
0 0.617832 0.329876 0.002378 0.018286
0 0.617652 0.323495 0.002986 0.014839
0 0.612408 0.321929 0.002033 0.012414
0 0.601954 0.320517 0.002968 0.016252
0 0.596631 0.321309 0.003471 0.014816
0 0.595433 0.319942 0.002920 0.013502
0 0.590573 0.320659 0.003198 0.011451
0 0.590471 0.315900 0.002350 0.011997
0 0.584839 0.324290 0.004751 0.017372
0 0.581884 0.321916 0.002644 0.014659
0 0.573896 0.325821 0.003348 0.017691
0 0.572244 0.326849 0.002345 0.016636
0 0.573500 0.321112 0.002835 0.016124
0 0.570533 0.321873 0.003895 0.015901
0 0.566672 0.325392 0.002916 0.014961
0 0.567039 0.314973 0.004380 0.011148
0 0.537572 0.331348 0.002648 0.013851
0 0.535291 0.332580 0.001941 0.013877
0 0.530540 0.333672 0.004192 0.019249
0 0.528244 0.332647 0.002588 0.016316
0 0.525713 0.330957 0.001717 0.007124
0 0.526901 0.316106 0.002484 0.013128
0 0.515779 0.331826 0.002352 0.012534
0 0.519980 0.333436 0.001716 0.009401
0 0.675894 0.614579 0.015521 0.094549
0 0.664460 0.617639 0.018398 0.087893
0 0.654769 0.619625 0.021362 0.093259
0 0.525555 0.706248 0.017477 0.066432
0 0.550933 0.639083 0.019722 0.099718
0 0.535644 0.637649 0.017040 0.107391
0 0.533317 0.570762 0.013063 0.072855
0 0.518294 0.579910 0.016434 0.081676
0 0.582213 0.546347 0.009557 0.071790
0 0.576620 0.545007 0.021431 0.076971
0 0.107814 0.361631 0.004297 0.021650
0 0.111044 0.362077 0.004381 0.019984
0 0.146377 0.363986 0.004658 0.019831
0 0.135870 0.350191 0.002442 0.008175
0 0.138765 0.346649 0.002405 0.013925
0 0.223445 0.374931 0.007725 0.020727
0 0.206610 0.359600 0.003985 0.018263
0 0.228364 0.349911 0.002953 0.017636
0 0.242629 0.360533 0.003243 0.019864
0 0.244149 0.356666 0.003483 0.018785
0 0.186207 0.356245 0.003297 0.012613
0 0.145386 0.355097 0.002985 0.014617
0 0.146796 0.354184 0.002911 0.013805
0 0.121977 0.346587 0.003245 0.015331
0 0.087393 0.348575 0.005169 0.017800
0 0.091566 0.347883 0.003166 0.015921
0 0.125524 0.346093 0.003176 0.016318
0 0.089280 0.343042 0.002800 0.012425
0 0.096068 0.346829 0.004360 0.017546
0 0.109403 0.357873 0.002620 0.020999
0 0.094105 0.347423 0.002309 0.014566
0 0.098517 0.334962 0.002350 0.011401
0 0.092976 0.343611 0.002190 0.013955
0 0.089144 0.330607 0.002055 0.010449
0 0.092407 0.329915 0.001531 0.008163
0 0.089108 0.337776 0.002406 0.009664
0 0.042853 0.353308 0.003063 0.014838
0 0.089863 0.333877 0.001549 0.008326
0 0.277680 0.451827 0.007950 0.045626
0 0.272956 0.451152 0.008275 0.043851
0 0.258352 0.364189 0.006815 0.022410
0 0.256071 0.345327 0.004538 0.014947
0 0.370660 0.336715 0.002834 0.012374
0 0.491590 0.335613 0.002925 0.018031
0 0.476535 0.332832 0.004065 0.012038
0 0.401398 0.442607 0.008828 0.044290
0 0.409974 0.445898 0.008898 0.046100
0 0.415357 0.453398 0.007561 0.034658
0 0.417331 0.451467 0.009954 0.022333
0 0.424806 0.451326 0.015454 0.049859
0 0.433920 0.448697 0.010744 0.045926
0 0.441269 0.448151 0.010228 0.047667
0 0.446444 0.451349 0.013668 0.039400
0 0.446525 0.456410 0.013408 0.041704
0 0.413056 0.348603 0.003247 0.014257
0 0.423861 0.380975 0.005521 0.028787
0 0.420303 0.384212 0.004625 0.029796
0 0.416818 0.385458 0.006305 0.028987
0 0.410658 0.385737 0.008047 0.027689
0 0.400298 0.378974 0.005021 0.029828
0 0.386394 0.385116 0.006009 0.030787
0 0.379969 0.385501 0.007172 0.032001
0 0.386967 0.375932 0.005760 0.026440
0 0.380817 0.374575 0.005428 0.028106
0 0.374727 0.373130 0.004544 0.024189
0 0.377943 0.366052 0.004213 0.025383
0 0.375104 0.367473 0.003939 0.023434
0 0.372055 0.368981 0.004965 0.026754
0 0.386046 0.363509 0.003965 0.023696
0 0.384223 0.361754 0.002943 0.021399
0 0.382478 0.364122 0.003660 0.024868
0 0.367682 0.367825 0.003419 0.019200
0 0.363332 0.370161 0.003880 0.028450
0 0.359186 0.365659 0.004267 0.021925
0 0.356155 0.363999 0.004063 0.024167
0 0.358472 0.360741 0.003236 0.021674
0 0.353155 0.368745 0.003481 0.016367
0 0.352365 0.361485 0.003327 0.022699
0 0.355688 0.354271 0.003434 0.026748
0 0.350811 0.353354 0.002622 0.018189
0 0.349065 0.360176 0.003580 0.015886
0 0.349456 0.355923 0.003103 0.018127
0 0.348153 0.358557 0.004595 0.021079
0 0.347090 0.361921 0.003330 0.020182
0 0.345484 0.363016 0.003314 0.018487
0 0.343893 0.358391 0.003164 0.017947
0 0.340239 0.364268 0.003585 0.018279
0 0.340047 0.360278 0.002971 0.017490
0 0.340290 0.354516 0.004707 0.017806
0 0.336028 0.352050 0.004110 0.016754
0 0.341698 0.349915 0.002883 0.017723
0 0.346852 0.350086 0.003171 0.017558
0 0.348132 0.347911 0.001672 0.008618
0 0.351364 0.350790 0.003616 0.017795
0 0.331807 0.363750 0.004480 0.024702
0 0.337151 0.365579 0.003014 0.015321
0 0.409022 0.512518 0.007849 0.038740
0 0.401244 0.503482 0.012715 0.061725
0 0.004361 0.763309 0.026950 0.124136
0 0.050513 0.491059 0.011888 0.047727
0 0.429065 0.535155 0.011124 0.076142
0 0.427251 0.515865 0.014137 0.070155
0 0.447942 0.481017 0.014606 0.050006
0 0.505388 0.584598 0.015922 0.070210
0 0.509432 0.486986 0.012777 0.057017
0 0.515618 0.713544 0.020743 0.083267
0 0.496769 0.708645 0.025149 0.112468
0 0.248481 0.372091 0.005416 0.023380
0 0.248303 0.346592 0.004502 0.014463
0 0.582057 0.727224 0.025456 0.129488
0 0.769210 0.708721 0.025491 0.121396
