0 0.661521 0.955744 0.034964 0.183021
0 0.677160 0.903891 0.048946 0.205312
0 0.477718 0.925005 0.038435 0.137218
0 0.795859 1.000000 0.035646 0.204790
0 0.522724 0.584657 0.023211 0.076368
0 0.564458 0.579562 0.018304 0.084091
0 0.611186 0.576671 0.014032 0.089442
0 0.641516 0.582359 0.016762 0.083497
0 0.637081 0.552672 0.015470 0.081903
0 0.018341 0.382983 0.005437 0.028220
0 0.022508 0.379967 0.004884 0.027886
0 0.031415 0.380238 0.004850 0.033711
0 0.038601 0.378811 0.005767 0.029942
0 0.092202 0.347396 0.003094 0.016075
0 0.094398 0.347020 0.002297 0.015275
0 0.090586 0.337612 0.001866 0.011096
0 0.091650 0.333810 0.002087 0.010015
0 0.093528 0.333655 0.001659 0.009924
0 0.095236 0.333310 0.001984 0.010654
0 0.097113 0.332683 0.002650 0.012958
0 0.098639 0.332620 0.002247 0.012425
0 0.089083 0.328420 0.001770 0.009620
0 0.122043 0.350413 0.003042 0.017272
0 0.129916 0.348790 0.004098 0.013089
0 0.131990 0.356759 0.004186 0.020178
0 0.137103 0.356936 0.004192 0.018345
0 0.146346 0.366136 0.004158 0.024686
0 0.149284 0.366714 0.003394 0.023166
0 0.187968 0.366411 0.004019 0.020237
0 0.190786 0.366045 0.004269 0.021149
0 0.200560 0.362294 0.007631 0.022521
0 0.208704 0.355634 0.004449 0.018420
0 0.212685 0.355299 0.004813 0.019046
0 0.214420 0.356517 0.004120 0.020092
0 0.219135 0.361151 0.002540 0.016947
0 0.222124 0.362510 0.003381 0.025400
0 0.228370 0.349990 0.003057 0.017564
0 0.244968 0.360173 0.005018 0.022915
0 0.121893 0.471583 0.009639 0.048274
0 0.125140 0.339133 0.003302 0.014268
0 0.460255 0.617341 0.018735 0.084256
0 0.435382 0.544536 0.013455 0.068987
0 0.446823 0.549865 0.014717 0.053353
0 0.446026 0.519970 0.007411 0.033516
0 0.132148 1.000000 0.071443 0.171788
0 0.070560 0.664618 0.028179 0.100111
0 0.028534 0.543715 0.023826 0.030707
0 0.216270 0.543203 0.012116 0.032055
0 0.230940 0.543903 0.010742 0.049205
0 0.526260 0.467877 0.016485 0.054805
0 0.530302 0.469338 0.007896 0.051297
0 0.566794 0.391330 0.005961 0.035868
0 0.570495 0.393201 0.006730 0.039678
0 0.576062 0.402810 0.006996 0.021657
0 0.581977 0.395098 0.007072 0.037770
0 0.676866 0.364865 0.005237 0.031205
0 0.682512 0.366557 0.005229 0.025660
0 0.685067 0.367358 0.004299 0.030018
0 0.687403 0.366592 0.003886 0.029349
0 0.694219 0.366436 0.005393 0.029935
0 0.696499 0.369015 0.005760 0.026510
0 0.699727 0.366637 0.005119 0.027662
0 0.705654 0.369309 0.006715 0.026237
0 0.713267 0.366641 0.005047 0.029063
0 0.740693 0.353316 0.004724 0.021690
0 0.697029 0.333760 0.003547 0.019273
0 0.678546 0.333296 0.002504 0.017844
0 0.615052 0.324270 0.002953 0.014799
0 0.616786 0.322575 0.002588 0.016200
0 0.602863 0.321101 0.002353 0.015510
0 0.599698 0.320623 0.002367 0.014589
0 0.599131 0.321311 0.002404 0.014433
0 0.597375 0.321689 0.002519 0.012792
0 0.590750 0.323193 0.002294 0.015520
0 0.589152 0.320297 0.002352 0.013327
0 0.587813 0.323044 0.003194 0.014853
0 0.583545 0.325759 0.003268 0.015187
0 0.584268 0.314895 0.001861 0.012168
0 0.582540 0.314575 0.002374 0.012868
0 0.582645 0.319631 0.002936 0.014595
0 0.579810 0.326385 0.002264 0.013761
0 0.579193 0.324120 0.005328 0.014930
0 0.573417 0.326242 0.002669 0.015906
0 0.570774 0.328089 0.002787 0.014904
0 0.563475 0.325209 0.001931 0.010943
0 0.563627 0.315341 0.001797 0.012477
0 0.565714 0.316069 0.002686 0.013205
0 0.566415 0.315916 0.002135 0.013235
0 0.567277 0.315273 0.002726 0.013666
0 0.573172 0.316548 0.002838 0.013774
0 0.575583 0.314610 0.002634 0.013870
0 0.517793 0.337474 0.004080 0.015005
0 0.505297 0.339284 0.004651 0.019615
0 0.503642 0.338693 0.003682 0.017294
0 0.506864 0.337905 0.004409 0.016170
0 0.508163 0.316343 0.002026 0.010657
0 0.534762 0.316354 0.002393 0.012147
0 0.608734 0.306396 0.001614 0.012938
0 0.616229 0.301811 0.001785 0.008086
0 0.417579 0.474158 0.013254 0.048907
0 0.405975 0.459385 0.008457 0.051150
0 0.412951 0.458843 0.005444 0.029248
0 0.407535 0.450521 0.012377 0.044933
0 0.419844 0.414387 0.005452 0.035958
0 0.424763 0.415609 0.008118 0.038173
0 0.433215 0.404575 0.009197 0.033445
0 0.432367 0.399509 0.005471 0.033305
0 0.448308 0.407073 0.006183 0.036982
0 0.453789 0.407226 0.006642 0.038195
0 0.435314 0.392034 0.004999 0.023450
0 0.429129 0.387466 0.007134 0.030316
0 0.417727 0.394630 0.005639 0.029842
0 0.399682 0.381225 0.003803 0.026960
0 0.396032 0.381127 0.004926 0.030694
0 0.401423 0.387221 0.004443 0.029171
0 0.391803 0.368844 0.005846 0.024687
0 0.372662 0.371137 0.005234 0.024895
0 0.378548 0.365280 0.003687 0.023907
0 0.375620 0.366034 0.004809 0.023650
0 0.358897 0.369349 0.004070 0.022344
0 0.361704 0.356177 0.002821 0.019358
0 0.360238 0.359712 0.003340 0.020694
0 0.355333 0.361873 0.002847 0.023084
0 0.360512 0.351954 0.004460 0.019771
0 0.356322 0.350796 0.002904 0.020113
0 0.353529 0.350008 0.003572 0.015817
0 0.350257 0.348553 0.001987 0.010278
0 0.346208 0.357084 0.003733 0.018495
0 0.346681 0.363393 0.004467 0.022014
0 0.340890 0.361464 0.004602 0.020852
0 0.341182 0.353171 0.004699 0.018617
0 0.276782 0.359186 0.005428 0.013866
0 0.259600 0.358936 0.005247 0.019002
0 0.264072 0.456399 0.014663 0.043843
0 0.474363 0.401723 0.007356 0.030965
0 0.469387 0.401038 0.006281 0.035651
0 0.480537 0.338453 0.002982 0.011498
0 0.371901 0.316725 0.001694 0.009855
0 0.277677 0.358745 0.002548 0.014886
0 0.402160 0.486096 0.008803 0.058690
0 0.489066 0.928693 0.027044 0.157481
0 0.116896 0.478028 0.015783 0.048067
0 0.507142 0.500104 0.012376 0.064778
0 0.539170 0.511976 0.011779 0.062365
0 0.545990 0.509656 0.007782 0.060591
0 0.553661 0.506429 0.008959 0.063732
0 0.531074 0.717996 0.018537 0.115737
0 0.557166 0.715970 0.021829 0.120779
0 0.446024 0.519739 0.007299 0.033116
0 0.446856 0.504170 0.009051 0.059472
0 0.423084 0.502885 0.012096 0.060104
0 0.430616 0.476062 0.015299 0.049812
