0 0.339904 0.990081 0.025639 0.195549
0 0.078021 0.475343 0.015245 0.042307
0 0.124853 0.370241 0.004615 0.023452
0 0.116245 0.372595 0.005005 0.023311
0 0.131179 0.357330 0.003285 0.017823
0 0.132130 0.359208 0.004838 0.019242
0 0.126896 0.355367 0.003898 0.017561
0 0.135006 0.356235 0.005980 0.017218
0 0.122870 0.350552 0.002979 0.015338
0 0.121569 0.350619 0.005570 0.016636
0 0.116613 0.353010 0.004068 0.017172
0 0.109704 0.351333 0.004105 0.018641
0 0.097094 0.349877 0.003164 0.015840
0 0.126521 0.345226 0.003203 0.015922
0 0.128978 0.345487 0.002986 0.015359
0 0.197707 0.354993 0.003642 0.017584
0 0.201646 0.353510 0.005122 0.019689
0 0.212990 0.362511 0.003726 0.022225
0 0.224608 0.357166 0.002382 0.010374
0 0.223614 0.359685 0.004969 0.020170
0 0.232837 0.356848 0.003664 0.018410
0 0.237436 0.357010 0.003912 0.018179
0 0.228314 0.350002 0.003050 0.017305
0 0.230271 0.344244 0.003855 0.017613
0 0.093768 0.351026 0.002135 0.011285
0 0.091542 0.349455 0.004202 0.016087
0 0.100193 0.349417 0.002613 0.015549
0 0.085868 0.341977 0.001761 0.009726
0 0.089547 0.340730 0.002365 0.013333
0 0.088615 0.331919 0.001800 0.009597
0 0.091992 0.315019 0.001295 0.006458
0 0.106360 0.335972 0.002258 0.008769
0 0.053978 0.389924 0.006989 0.026025
0 0.483160 0.611766 0.022092 0.085528
0 0.455015 0.564598 0.015164 0.084220
0 0.439825 0.578129 0.013734 0.061553
0 0.425931 0.551149 0.022140 0.071017
0 0.214342 0.528357 0.013506 0.037361
0 0.229413 0.534377 0.016385 0.025348
0 0.028873 0.544021 0.025342 0.029482
0 0.519607 0.547236 0.019690 0.076987
0 0.528809 0.599689 0.016800 0.086760
0 0.546524 0.548812 0.012176 0.077050
0 0.564021 0.554456 0.014997 0.076047
0 0.583726 0.535584 0.016028 0.064864
0 0.621705 0.592127 0.018717 0.080048
0 0.617155 0.582773 0.016469 0.046784
0 0.698333 0.648159 0.020892 0.121606
0 0.453085 0.456442 0.011410 0.052810
0 0.438512 0.446368 0.010973 0.043954
0 0.414465 0.451978 0.009625 0.038141
0 0.400969 0.431678 0.010736 0.037226
0 0.364433 0.441659 0.011351 0.050236
0 0.335183 0.456777 0.008455 0.049546
0 0.494822 0.444481 0.009938 0.047849
0 0.489654 0.453856 0.008026 0.026723
0 0.485315 0.439536 0.009156 0.048709
0 0.485673 0.412512 0.008624 0.039292
0 0.478677 0.419928 0.006406 0.038212
0 0.482709 0.397049 0.006163 0.033844
0 0.476419 0.407114 0.008181 0.041378
0 0.462386 0.414418 0.006333 0.037275
0 0.448629 0.411142 0.006978 0.035742
0 0.439083 0.426396 0.008112 0.040201
0 0.432430 0.421463 0.006800 0.041093
0 0.467539 0.402189 0.003715 0.022704
0 0.466090 0.396452 0.004976 0.032593
0 0.462792 0.396704 0.008586 0.032330
0 0.452825 0.395389 0.007806 0.029789
0 0.448153 0.398929 0.007526 0.029952
0 0.447098 0.373058 0.005295 0.032356
0 0.444150 0.378285 0.005924 0.028166
0 0.438842 0.379631 0.005512 0.027081
0 0.434076 0.383171 0.004030 0.013785
0 0.433442 0.373656 0.006726 0.023978
0 0.425926 0.376864 0.006572 0.026645
0 0.417166 0.390366 0.007144 0.027844
0 0.421719 0.377576 0.005502 0.022494
0 0.418169 0.379750 0.004366 0.019856
0 0.419841 0.370785 0.003641 0.025222
0 0.414385 0.369585 0.004732 0.025892
0 0.411015 0.372976 0.007179 0.027326
0 0.407302 0.368487 0.004963 0.021793
0 0.399674 0.372275 0.004960 0.017127
0 0.398856 0.366787 0.003505 0.025315
0 0.397755 0.370908 0.005006 0.025009
0 0.391767 0.370401 0.005813 0.023144
0 0.391442 0.372756 0.004124 0.023649
0 0.389697 0.374278 0.003429 0.019276
0 0.386296 0.374880 0.003896 0.026188
0 0.383398 0.372079 0.003997 0.026945
0 0.382352 0.376562 0.003990 0.028663
0 0.377109 0.372552 0.004813 0.026398
0 0.374673 0.373897 0.004688 0.024645
0 0.372521 0.375354 0.007107 0.029824
0 0.361063 0.378931 0.005813 0.019973
0 0.353023 0.375872 0.004756 0.026939
0 0.357361 0.353077 0.002645 0.020147
0 0.338846 0.359567 0.004027 0.021227
0 0.284461 0.359738 0.002619 0.017063
0 0.254439 0.350480 0.003748 0.018025
0 0.467729 0.338486 0.002109 0.012423
0 0.473262 0.339584 0.005697 0.014795
0 0.472812 0.337260 0.002251 0.009773
0 0.475192 0.337521 0.003169 0.014847
0 0.478615 0.336526 0.003983 0.016546
0 0.480999 0.337140 0.002142 0.016986
0 0.483998 0.337390 0.002548 0.015620
0 0.485268 0.336230 0.002505 0.013471
0 0.486808 0.335905 0.003087 0.017459
0 0.488655 0.335213 0.002650 0.020156
0 0.492891 0.334925 0.003991 0.019079
0 0.493460 0.336088 0.002089 0.015797
0 0.495972 0.336624 0.002229 0.017205
0 0.497772 0.336841 0.002500 0.018500
0 0.497597 0.336945 0.001864 0.016849
0 0.466910 0.333495 0.002825 0.018153
0 0.470700 0.334390 0.002204 0.015135
0 0.470003 0.333899 0.002046 0.015135
0 0.472639 0.332542 0.002275 0.014415
0 0.452025 0.321189 0.003090 0.010843
0 0.398246 0.317708 0.001863 0.009909
0 0.580792 0.393767 0.007333 0.032175
0 0.585441 0.385162 0.007179 0.029844
0 0.588943 0.389695 0.006307 0.034180
0 0.729915 0.369637 0.007280 0.032422
0 0.726452 0.370606 0.004589 0.028196
0 0.719797 0.369687 0.005416 0.027214
0 0.708525 0.367980 0.008129 0.030641
0 0.705237 0.367065 0.003671 0.030748
0 0.699846 0.370611 0.005067 0.021890
0 0.683512 0.365258 0.007441 0.027174
0 0.662339 0.331230 0.004109 0.018601
0 0.665931 0.331166 0.003072 0.019367
0 0.668435 0.331019 0.002546 0.017308
0 0.648559 0.331255 0.003452 0.016224
0 0.649472 0.330081 0.002685 0.017222
0 0.640581 0.329868 0.003718 0.016724
0 0.642582 0.329355 0.002820 0.016104
0 0.631303 0.329177 0.002878 0.016051
0 0.629538 0.329798 0.004013 0.015181
0 0.624925 0.326705 0.003914 0.014105
0 0.635187 0.316746 0.002321 0.014074
0 0.613242 0.321920 0.001982 0.007189
0 0.605081 0.321703 0.003636 0.017361
0 0.603685 0.315472 0.004203 0.013259
0 0.599857 0.322428 0.003152 0.017150
0 0.583898 0.324174 0.004198 0.015426
0 0.575912 0.325339 0.002694 0.014794
0 0.573136 0.325398 0.002231 0.013454
0 0.569787 0.326768 0.001592 0.010161
0 0.565410 0.325252 0.003013 0.014955
0 0.616063 0.303615 0.002077 0.012186
0 0.587584 0.306400 0.001098 0.006286
0 0.589074 0.306947 0.001735 0.010227
0 0.590279 0.306326 0.001644 0.009848
0 0.405495 0.494721 0.014671 0.063443
0 0.418200 0.492459 0.009585 0.060073
0 0.444406 0.520336 0.012025 0.066093
0 0.462675 0.484585 0.013673 0.056097
0 0.474352 0.484988 0.014239 0.057888
0 0.506679 0.548453 0.016047 0.076903
0 0.503426 0.623914 0.016699 0.059910
0 0.500516 0.419454 0.008831 0.041510
0 0.574327 0.717446 0.017304 0.119011
0 0.249266 0.346460 0.003654 0.017906
0 0.251931 0.346654 0.002625 0.014934
0 0.098684 0.481651 0.015171 0.050295
0 0.510226 0.888284 0.023220 0.097477
0 0.488557 0.852988 0.036620 0.152242
