0 0.228435 0.350140 0.003365 0.017287
0 0.216460 0.359712 0.005836 0.018858
0 0.213480 0.360310 0.003998 0.018543
0 0.202055 0.355014 0.003474 0.017995
0 0.199161 0.357342 0.004213 0.013736
0 0.137108 0.362505 0.004288 0.021263
0 0.125716 0.357506 0.004277 0.018247
0 0.122300 0.356490 0.004006 0.018847
0 0.118180 0.363408 0.004190 0.021430
0 0.125774 0.347097 0.002731 0.014069
0 0.123473 0.346530 0.002804 0.014676
0 0.119161 0.348533 0.003559 0.018607
0 0.096180 0.392233 0.008650 0.020608
0 0.122925 0.341281 0.003957 0.016226
0 0.091796 0.347582 0.003395 0.015797
0 0.093340 0.347172 0.003783 0.017682
0 0.095265 0.346650 0.003658 0.017962
0 0.042686 0.354755 0.003509 0.018494
0 0.031760 0.380611 0.005937 0.033351
0 0.244640 0.424619 0.007577 0.015778
0 0.072805 0.678822 0.024910 0.110188
0 0.034187 0.541994 0.013150 0.027106
0 0.215516 0.538688 0.011432 0.022868
0 0.231275 0.537283 0.010104 0.030024
0 0.437618 0.459353 0.014327 0.049938
0 0.423287 0.440880 0.008451 0.042116
0 0.435876 0.428097 0.007191 0.038335
0 0.441723 0.435079 0.006393 0.031738
0 0.449171 0.444206 0.011018 0.040765
0 0.452765 0.436464 0.008490 0.042577
0 0.446642 0.435469 0.007848 0.040806
0 0.459549 0.421992 0.009858 0.035974
0 0.452987 0.397547 0.006292 0.032554
0 0.425270 0.394411 0.006350 0.031568
0 0.419147 0.372405 0.005175 0.021526
0 0.414769 0.371167 0.005823 0.025863
0 0.409716 0.375756 0.004791 0.027667
0 0.406668 0.376610 0.004320 0.027919
0 0.396930 0.384455 0.005124 0.029291
0 0.396543 0.371889 0.006092 0.020254
0 0.391195 0.379618 0.006113 0.027544
0 0.387776 0.378394 0.004933 0.026298
0 0.382450 0.372620 0.004955 0.027779
0 0.385397 0.366751 0.006364 0.019941
0 0.379516 0.373720 0.004308 0.026011
0 0.375818 0.372593 0.004507 0.024045
0 0.334424 0.447299 0.012918 0.044507
0 0.332956 0.443992 0.011323 0.042741
0 0.279893 0.358665 0.002558 0.015539
0 0.276646 0.359796 0.003526 0.015206
0 0.274444 0.356388 0.003700 0.013037
0 0.266389 0.350724 0.004665 0.014702
0 0.259041 0.357325 0.003383 0.018089
0 0.257918 0.368540 0.005199 0.025320
0 0.255752 0.357945 0.003935 0.017135
0 0.494548 0.336630 0.003053 0.017221
0 0.487886 0.335516 0.002646 0.018661
0 0.478447 0.335168 0.002955 0.016650
0 0.382300 0.316576 0.001072 0.006859
0 0.362588 0.376637 0.005582 0.027039
0 0.357711 0.376622 0.004514 0.027498
0 0.372858 0.362816 0.005146 0.022826
0 0.354277 0.360564 0.005171 0.020665
0 0.350374 0.362458 0.003299 0.017719
0 0.347710 0.359696 0.004204 0.012037
0 0.351111 0.355892 0.002985 0.019327
0 0.347420 0.357273 0.003604 0.021018
0 0.352528 0.353584 0.002928 0.018250
0 0.349810 0.347337 0.001665 0.007966
0 0.347752 0.349611 0.002921 0.017338
0 0.355711 0.350640 0.002455 0.020617
0 0.346203 0.364241 0.003887 0.020334
0 0.344831 0.362407 0.004182 0.021989
0 0.342053 0.352367 0.004275 0.017751
0 0.340209 0.357294 0.003254 0.020242
0 0.336284 0.363904 0.003666 0.020363
0 0.332662 0.361463 0.003818 0.021375
0 0.327401 0.359454 0.003120 0.019820
0 0.328717 0.363256 0.003554 0.019451
0 0.319248 0.364248 0.003806 0.019795
0 0.356489 0.357774 0.004617 0.014453
0 0.380749 0.327101 0.002581 0.006838
0 0.432116 0.342520 0.005095 0.012606
0 0.433948 0.558623 0.015711 0.074367
0 0.472393 0.549428 0.017462 0.074562
0 0.456806 0.630214 0.020811 0.090159
0 0.475342 0.643718 0.023107 0.076426
0 0.494456 0.632671 0.010423 0.053803
0 0.505067 0.336765 0.004292 0.012262
0 0.507038 0.335808 0.003131 0.012290
0 0.509638 0.332971 0.002700 0.014710
0 0.508972 0.333311 0.002120 0.013503
0 0.515604 0.334197 0.002897 0.014112
0 0.526424 0.333733 0.003349 0.014354
0 0.538651 0.331587 0.002040 0.011315
0 0.527108 0.314696 0.002044 0.011848
0 0.538904 0.315372 0.002630 0.012920
0 0.570029 0.393369 0.007851 0.039517
0 0.575989 0.402549 0.006917 0.022268
0 0.582099 0.394987 0.007699 0.038315
0 0.679591 0.330708 0.003267 0.014296
0 0.677066 0.331265 0.004546 0.013755
0 0.697923 0.331347 0.002820 0.017918
0 0.676726 0.362386 0.004594 0.023927
0 0.703724 0.354655 0.006829 0.020851
0 0.707354 0.356765 0.003821 0.011970
0 0.708986 0.362328 0.004708 0.026468
0 0.714917 0.365333 0.003032 0.017200
0 0.711908 0.361705 0.004111 0.022599
0 0.721460 0.363151 0.004840 0.024071
0 0.649265 0.330948 0.005001 0.018496
0 0.638663 0.328342 0.002902 0.016514
0 0.619072 0.323649 0.003115 0.015939
0 0.614966 0.322652 0.002395 0.013078
0 0.613205 0.322736 0.002572 0.014213
0 0.603752 0.322356 0.003112 0.016020
0 0.600274 0.321162 0.003794 0.015995
0 0.601433 0.316044 0.003597 0.012561
0 0.595716 0.315503 0.002799 0.012802
0 0.579128 0.342600 0.004579 0.012543
0 0.585366 0.342178 0.006084 0.011773
0 0.586119 0.340934 0.005059 0.010666
0 0.563289 0.320743 0.002136 0.014073
0 0.564396 0.328385 0.002673 0.018983
0 0.565441 0.329435 0.001937 0.015309
0 0.566486 0.324759 0.002474 0.013318
0 0.567599 0.328714 0.002624 0.015126
0 0.570648 0.324499 0.003202 0.015346
0 0.572536 0.326642 0.003342 0.014113
0 0.572325 0.316534 0.002362 0.011545
0 0.574541 0.316279 0.002241 0.014502
0 0.577550 0.315276 0.002266 0.010908
0 0.576547 0.321193 0.002387 0.014975
0 0.575029 0.323081 0.002583 0.016033
0 0.576159 0.324121 0.003595 0.014874
0 0.578048 0.324155 0.002391 0.015627
0 0.578637 0.322654 0.003502 0.014049
0 0.579965 0.315155 0.002323 0.011040
0 0.581165 0.323134 0.003008 0.016139
0 0.583972 0.322562 0.003702 0.016911
0 0.586465 0.323864 0.002856 0.015161
0 0.584192 0.319833 0.003040 0.015828
0 0.586888 0.317858 0.002980 0.011785
0 0.588890 0.317660 0.002796 0.013481
0 0.587010 0.320180 0.003523 0.015636
0 0.511183 0.359800 0.004114 0.015510
0 0.693439 0.366765 0.006460 0.031382
0 0.724031 0.366809 0.006353 0.025939
0 0.731650 0.354254 0.006117 0.016848
0 0.731967 0.355691 0.005145 0.020337
0 0.701638 0.310214 0.001356 0.005320
0 0.637890 0.316384 0.003244 0.007995
0 0.616272 0.301353 0.001520 0.007039
0 0.636112 0.565168 0.014682 0.079617
0 0.625746 0.568813 0.013654 0.074878
0 0.613898 0.573596 0.015640 0.079208
0 0.593246 0.619910 0.022716 0.098436
0 0.576219 0.650743 0.018523 0.102044
0 0.547637 0.652128 0.020347 0.099569
0 0.530399 0.650339 0.022095 0.071248
0 0.995625 0.541007 0.008371 0.053109
0 0.501794 0.336505 0.003685 0.014301
0 0.520653 0.511152 0.013402 0.063553
0 0.561306 0.515490 0.018790 0.069558
0 0.565221 0.516463 0.011499 0.064410
0 0.251518 0.353937 0.005376 0.016696
0 0.125422 0.478156 0.016765 0.046898
0 0.607674 0.820010 0.023367 0.142120
0 0.053002 0.737784 0.044289 0.115389
0 0.745941 1.000000 0.033595 0.207187
0 0.795042 1.000000 0.040936 0.219755
0 0.554795 0.754745 0.028786 0.127364
0 0.530310 0.748997 0.023720 0.138591
0 0.450216 0.529078 0.017533 0.067470
0 0.463576 0.530028 0.014954 0.065571
0 0.474781 0.503541 0.016277 0.054420
0 0.427168 0.518556 0.011517 0.069425
0 0.404855 0.495358 0.010461 0.062602
0 0.394394 0.484014 0.011996 0.054926
0 0.746123 0.765046 0.032942 0.143264
0 0.789381 0.770515 0.026546 0.141334
0 0.827150 0.781667 0.032580 0.137474
0 0.088328 0.329200 0.002182 0.009032
0 0.088670 0.333452 0.001639 0.008913
0 0.089394 0.331484 0.001596 0.007272
0 0.092109 0.333590 0.001778 0.008968
0 0.090279 0.334181 0.001674 0.009613
0 0.092846 0.329229 0.001877 0.007805
0 0.098209 0.331755 0.001309 0.008528
0 0.094454 0.337910 0.003621 0.011570
0 0.095208 0.335753 0.002770 0.012314
0 0.094174 0.329917 0.002205 0.008314
