0 0.773418 0.544819 0.015884 0.079847
0 0.768213 0.542598 0.022921 0.068760
0 0.429110 0.546363 0.014741 0.083729
0 0.466133 0.548805 0.012481 0.081129
0 0.481020 0.549510 0.016902 0.073501
0 0.478540 0.573494 0.016887 0.093246
0 0.490377 0.573158 0.014142 0.082597
0 0.728024 0.542183 0.013929 0.071030
0 0.612302 0.538566 0.014839 0.075669
0 0.574833 0.536179 0.012996 0.070758
0 0.562385 0.536700 0.012381 0.070639
0 0.268616 0.360120 0.005381 0.023820
0 0.383353 0.332768 0.003354 0.017483
0 0.372712 0.350052 0.004030 0.020924
0 0.347187 0.376980 0.005236 0.024274
0 0.359362 0.371759 0.004381 0.026195
0 0.372770 0.372156 0.005410 0.029188
0 0.380731 0.372668 0.006230 0.025910
0 0.390119 0.370542 0.006945 0.025701
0 0.388673 0.369865 0.003860 0.024935
0 0.397067 0.369458 0.006310 0.024299
0 0.409578 0.364811 0.005498 0.021164
0 0.419761 0.366243 0.005612 0.025439
0 0.444246 0.343066 0.005496 0.019284
0 0.449034 0.339523 0.003275 0.017499
0 0.451661 0.338653 0.002877 0.015351
0 0.451571 0.339711 0.003835 0.016188
0 0.453869 0.339822 0.003505 0.018299
0 0.463645 0.323365 0.002699 0.013157
0 0.472576 0.333458 0.002158 0.016354
0 0.472949 0.336343 0.003530 0.014170
0 0.472812 0.339545 0.004987 0.014990
0 0.472922 0.337105 0.002059 0.009643
0 0.476904 0.339353 0.002551 0.010557
0 0.475426 0.338288 0.003924 0.016683
0 0.477587 0.334547 0.001869 0.016396
0 0.479610 0.336870 0.002101 0.016908
0 0.481137 0.337070 0.002146 0.016828
0 0.482171 0.337206 0.002415 0.016942
0 0.484090 0.337218 0.003102 0.017220
0 0.487951 0.337497 0.003859 0.017140
0 0.486462 0.335632 0.002404 0.018051
0 0.488267 0.334764 0.003548 0.020850
0 0.491903 0.334857 0.003263 0.019385
0 0.493231 0.336304 0.002724 0.016732
0 0.420843 0.403641 0.009038 0.034229
0 0.424795 0.406609 0.008680 0.039648
0 0.430705 0.402169 0.004351 0.034501
0 0.432684 0.403826 0.005857 0.033717
0 0.435718 0.406014 0.006896 0.037239
0 0.438596 0.401997 0.004229 0.035616
0 0.439002 0.407565 0.007431 0.036944
0 0.440830 0.399565 0.005079 0.032206
0 0.444406 0.395836 0.006193 0.037476
0 0.451688 0.406784 0.005017 0.016258
0 0.451796 0.404488 0.009490 0.031873
0 0.452670 0.394201 0.008078 0.028985
0 0.461550 0.395686 0.005598 0.025088
0 0.466869 0.400536 0.007195 0.029149
0 0.469133 0.389764 0.004981 0.035115
0 0.465826 0.417620 0.008711 0.028631
0 0.477025 0.395353 0.008004 0.033368
0 0.483957 0.398859 0.006281 0.034062
0 0.492865 0.390757 0.006529 0.037387
0 0.468317 0.436793 0.008777 0.037633
0 0.450047 0.434026 0.005674 0.025662
0 0.449013 0.435499 0.012366 0.041223
0 0.467319 0.464509 0.012162 0.046978
0 0.473811 0.473449 0.007304 0.028438
0 0.479892 0.472590 0.006919 0.033453
0 0.485314 0.474355 0.009202 0.049664
0 0.414055 0.338599 0.002823 0.012795
0 0.562102 0.820173 0.025829 0.086941
0 0.182192 0.656514 0.032646 0.087770
0 0.001519 0.656376 0.023279 0.090778
0 0.028668 0.543978 0.023883 0.031206
0 0.218489 0.533202 0.010929 0.042883
0 0.745381 0.360677 0.006001 0.026086
0 0.741645 0.363530 0.005714 0.025368
0 0.737376 0.362093 0.006548 0.026884
0 0.711485 0.359756 0.005964 0.026859
0 0.693864 0.363297 0.006677 0.024288
0 0.691821 0.373409 0.005007 0.027895
0 0.682156 0.370804 0.005930 0.029314
0 0.671775 0.370878 0.006862 0.033781
0 0.650937 0.336076 0.004961 0.017456
0 0.641466 0.315904 0.002990 0.014804
0 0.613020 0.323390 0.003657 0.015943
0 0.599950 0.321127 0.003016 0.014932
0 0.604474 0.309606 0.002626 0.014169
0 0.602111 0.310452 0.002055 0.012900
0 0.611402 0.309718 0.001553 0.009827
0 0.587646 0.306140 0.000799 0.005867
0 0.586443 0.303950 0.001840 0.010619
0 0.584057 0.321921 0.002796 0.016411
0 0.578928 0.325244 0.004880 0.016234
0 0.577981 0.324605 0.002607 0.016917
0 0.574818 0.326642 0.003346 0.016370
0 0.572185 0.327158 0.002672 0.016304
0 0.570667 0.328498 0.001789 0.014393
0 0.564304 0.326367 0.004836 0.017292
0 0.573706 0.315384 0.002474 0.012569
0 0.572531 0.317572 0.002304 0.006455
0 0.568721 0.316145 0.002590 0.012202
0 0.538706 0.315554 0.002304 0.014346
0 0.526159 0.315072 0.003242 0.009142
0 0.518260 0.315558 0.002632 0.010830
0 0.516495 0.315829 0.003265 0.010561
0 0.527194 0.390210 0.005074 0.033796
0 0.528664 0.387689 0.004954 0.034617
0 0.518757 0.391865 0.006992 0.032861
0 0.520135 0.389281 0.003952 0.033438
0 0.522892 0.388824 0.003383 0.030975
0 0.518366 0.386670 0.005300 0.033130
0 0.509260 0.387522 0.003759 0.022531
0 0.507969 0.397818 0.006870 0.024860
0 0.511996 0.395274 0.004219 0.028436
0 0.515031 0.397286 0.002959 0.022430
0 0.513120 0.391630 0.006770 0.031605
0 0.517105 0.436190 0.013098 0.047592
0 0.520660 0.435566 0.006857 0.046054
0 0.536278 0.437847 0.007599 0.040132
0 0.525954 0.446325 0.012128 0.048649
0 0.536713 0.448202 0.010335 0.048323
0 0.512900 0.457530 0.010419 0.054720
0 0.506393 0.458212 0.006921 0.044619
0 0.668832 0.334798 0.004473 0.020913
0 0.692895 0.325812 0.003391 0.010022
0 0.697357 0.331341 0.003062 0.019924
0 0.515496 0.387323 0.003773 0.028272
0 0.512112 0.378932 0.002971 0.011241
0 0.516593 0.427555 0.007592 0.040072
0 0.085376 0.375914 0.003539 0.023077
0 0.100537 0.375271 0.004213 0.024583
0 0.108815 0.368391 0.004156 0.011569
0 0.116456 0.363171 0.003636 0.019646
0 0.115254 0.365033 0.002554 0.013521
0 0.143204 0.364695 0.003497 0.020284
0 0.228383 0.349905 0.003148 0.017572
0 0.134322 0.357161 0.004500 0.016695
0 0.129237 0.356932 0.003601 0.016381
0 0.127827 0.353333 0.002788 0.017136
0 0.123363 0.354126 0.003922 0.019934
0 0.121762 0.349040 0.002725 0.014015
0 0.120616 0.347350 0.003126 0.014840
0 0.116301 0.351895 0.003434 0.020124
0 0.100920 0.352268 0.003706 0.016822
0 0.109559 0.345303 0.002068 0.014276
0 0.119427 0.338843 0.002408 0.010728
0 0.089497 0.348585 0.002863 0.016199
0 0.095574 0.334721 0.002840 0.013135
0 0.093680 0.335635 0.002364 0.011072
0 0.091723 0.339607 0.003306 0.012595
0 0.094011 0.347251 0.005369 0.017500
0 0.088854 0.330435 0.002339 0.011282
0 0.042923 0.354173 0.003148 0.017409
0 0.476372 0.516670 0.010319 0.055857
0 0.476339 0.536260 0.011621 0.077071
0 0.501340 0.539727 0.015037 0.074486
0 0.492379 0.513975 0.010332 0.066086
0 0.507548 0.504793 0.012372 0.062226
0 0.513895 0.516494 0.009182 0.041953
0 0.521499 0.502508 0.010437 0.058673
0 0.498389 0.391495 0.005436 0.033167
0 0.502280 0.397426 0.004673 0.035529
0 0.502158 0.396778 0.006205 0.038625
0 0.534478 0.473739 0.009839 0.057141
0 0.568366 0.509787 0.009461 0.062543
0 0.544036 0.775729 0.017592 0.151307
0 0.562201 0.820049 0.025642 0.087004
0 0.583105 0.798394 0.028026 0.154133
0 0.768827 0.705500 0.031896 0.135923
0 0.798157 0.769502 0.039059 0.134511
0 0.814961 0.753882 0.039739 0.144509
