0 0.206230 0.461536 0.012580 0.047680
0 0.228389 0.349811 0.003210 0.017808
0 0.186754 0.354085 0.005523 0.015383
0 0.133179 0.361665 0.004487 0.019733
0 0.127333 0.353541 0.003507 0.017444
0 0.124586 0.352573 0.003542 0.017202
0 0.120736 0.352346 0.004071 0.015345
0 0.120931 0.344247 0.003349 0.015648
0 0.125038 0.341264 0.002342 0.012860
0 0.116266 0.349497 0.002922 0.013194
0 0.109750 0.349982 0.002985 0.018004
0 0.105310 0.348668 0.003922 0.018950
0 0.100546 0.357679 0.004758 0.018928
0 0.098458 0.373395 0.003933 0.021434
0 0.095041 0.358905 0.003678 0.018922
0 0.092746 0.358399 0.003147 0.018701
0 0.096749 0.350792 0.003247 0.011164
0 0.088826 0.329077 0.002390 0.010120
0 0.087696 0.319909 0.001539 0.006897
0 0.085144 0.347277 0.002888 0.012505
0 0.087094 0.343870 0.004066 0.013546
0 0.091536 0.346117 0.005291 0.011729
0 0.094117 0.343929 0.002452 0.011747
0 0.091945 0.343622 0.002483 0.012753
0 0.089051 0.346155 0.003849 0.011613
0 0.089793 0.342431 0.002850 0.013613
0 0.080688 0.473017 0.019518 0.052835
0 0.226229 0.394853 0.006637 0.019003
0 0.027400 0.371951 0.005458 0.020984
0 0.992142 0.625085 0.023986 0.079497
0 0.995278 0.544032 0.005502 0.045290
0 0.988434 0.543642 0.008196 0.045548
0 0.505326 0.415287 0.008548 0.037704
0 0.511042 0.413550 0.006582 0.038512
0 0.501889 0.336728 0.002790 0.016385
0 0.503671 0.336697 0.003346 0.016709
0 0.509343 0.337034 0.002309 0.016680
0 0.511538 0.337388 0.003022 0.016696
0 0.512533 0.335292 0.003655 0.016032
0 0.513083 0.334674 0.003995 0.017852
0 0.515745 0.335176 0.002377 0.018212
0 0.518271 0.335012 0.005406 0.018721
0 0.522335 0.336025 0.003672 0.018053
0 0.563576 0.325237 0.002151 0.016277
0 0.566697 0.329823 0.002148 0.014745
0 0.568404 0.324420 0.003285 0.014066
0 0.573398 0.326679 0.004293 0.015986
0 0.576233 0.325790 0.002047 0.014382
0 0.577073 0.324395 0.002129 0.016350
0 0.574292 0.320257 0.002465 0.014082
0 0.582350 0.324773 0.004344 0.017670
0 0.577554 0.316071 0.002519 0.014442
0 0.584144 0.323991 0.003491 0.015493
0 0.587001 0.303703 0.002790 0.010075
0 0.589018 0.306539 0.001415 0.005124
0 0.596033 0.322805 0.002832 0.015210
0 0.598782 0.321739 0.002640 0.014303
0 0.600600 0.323304 0.002536 0.014441
0 0.601384 0.323500 0.003117 0.016973
0 0.604182 0.322296 0.002540 0.015250
0 0.612584 0.324324 0.002451 0.015490
0 0.615512 0.323922 0.003764 0.014629
0 0.617224 0.326443 0.002534 0.007443
0 0.620060 0.327724 0.003361 0.015010
0 0.622627 0.326632 0.004736 0.017158
0 0.624475 0.326173 0.002726 0.013967
0 0.632753 0.328369 0.002563 0.013994
0 0.636395 0.326972 0.003742 0.015942
0 0.616251 0.301959 0.001867 0.008357
0 0.659926 0.331858 0.004477 0.017450
0 0.662135 0.330466 0.003514 0.017306
0 0.663914 0.329970 0.003070 0.017627
0 0.667127 0.330902 0.004153 0.018842
0 0.668005 0.329124 0.003380 0.018856
0 0.670259 0.329117 0.003566 0.018246
0 0.702138 0.306842 0.002120 0.010551
0 0.727012 0.405023 0.011215 0.038411
0 0.737921 0.365878 0.006066 0.029857
0 0.732682 0.365329 0.007859 0.028529
0 0.711232 0.365728 0.006569 0.028633
0 0.699877 0.362308 0.005169 0.023745
0 0.695539 0.366715 0.008043 0.027112
0 0.687758 0.372596 0.004494 0.027546
0 0.685014 0.369441 0.010470 0.027892
0 0.664464 0.384130 0.008585 0.025087
0 0.653515 0.373087 0.007700 0.025147
0 0.628306 0.365358 0.006315 0.023433
0 0.574605 0.397522 0.008016 0.038608
0 0.570428 0.404913 0.006745 0.022438
0 0.566439 0.395225 0.007365 0.038867
0 0.640674 0.579032 0.022537 0.095298
0 0.556036 0.545501 0.018089 0.070612
0 0.029016 0.543381 0.024940 0.031495
0 0.213693 0.541353 0.008460 0.027766
0 0.231291 0.549681 0.011994 0.054054
0 0.551618 0.823262 0.037033 0.138670
0 0.547181 0.882524 0.022433 0.091229
0 0.558938 0.903291 0.021550 0.104187
0 0.614546 0.829736 0.040547 0.142951
0 0.649049 0.831996 0.032022 0.147193
0 0.452730 0.596869 0.023078 0.088155
0 0.463003 0.610854 0.013137 0.055986
0 0.455284 0.636735 0.017614 0.105402
0 0.471815 0.670980 0.016705 0.114901
0 0.403023 0.577466 0.022491 0.070453
0 0.442958 0.473981 0.009551 0.051556
0 0.443255 0.468766 0.008191 0.049727
0 0.487690 0.459060 0.010225 0.050223
0 0.435716 0.444527 0.012327 0.041629
0 0.439131 0.418463 0.006903 0.038063
0 0.433297 0.418662 0.009057 0.036472
0 0.440987 0.401354 0.008803 0.034298
0 0.416257 0.384128 0.006040 0.028490
0 0.421311 0.381553 0.007680 0.031296
0 0.424008 0.378397 0.005676 0.031249
0 0.423590 0.367023 0.005161 0.020949
0 0.419318 0.369697 0.004052 0.023983
0 0.414579 0.370760 0.005419 0.024273
0 0.410561 0.367512 0.004868 0.026087
0 0.405788 0.368673 0.005631 0.024813
0 0.400946 0.367294 0.003205 0.021582
0 0.399272 0.365656 0.002991 0.022841
0 0.395331 0.372005 0.004571 0.025116
0 0.392042 0.372764 0.004506 0.021325
0 0.390844 0.374988 0.004038 0.017722
0 0.391970 0.364885 0.006603 0.023514
0 0.386539 0.371524 0.004751 0.025016
0 0.383248 0.368420 0.006043 0.022531
0 0.386473 0.362795 0.004391 0.022017
0 0.379101 0.372247 0.004574 0.016191
0 0.376786 0.373228 0.004285 0.025422
0 0.373313 0.369257 0.004217 0.026118
0 0.372235 0.366836 0.004422 0.027647
0 0.363787 0.369429 0.004517 0.024687
0 0.360765 0.373062 0.005965 0.022405
0 0.361191 0.370785 0.005203 0.021359
0 0.355097 0.372097 0.003927 0.022513
0 0.348687 0.378275 0.006346 0.021292
0 0.345860 0.378542 0.005509 0.022413
0 0.334997 0.370815 0.005518 0.025693
0 0.335929 0.362937 0.003918 0.019718
0 0.346616 0.360607 0.003754 0.021007
0 0.343687 0.362806 0.003555 0.021442
0 0.341913 0.354426 0.003987 0.018558
0 0.351442 0.351354 0.003466 0.018202
0 0.390705 0.317021 0.001941 0.009979
0 0.267335 0.353418 0.005975 0.019703
0 0.276802 0.357071 0.003610 0.016366
0 0.327195 0.366336 0.004254 0.020546
0 0.481577 0.336767 0.004633 0.012202
0 0.484740 0.339806 0.002571 0.011414
0 0.483141 0.337104 0.004110 0.016540
0 0.491960 0.334943 0.003198 0.016920
0 0.493754 0.335403 0.003164 0.018967
0 0.496122 0.337527 0.003082 0.014848
0 0.460191 0.429195 0.012339 0.036792
0 0.478591 0.423263 0.010531 0.036835
0 0.480667 0.416286 0.007257 0.035815
0 0.376264 0.361263 0.005293 0.018199
0 0.396485 0.487409 0.009293 0.039012
0 0.409082 0.475726 0.009987 0.055737
0 0.502020 0.336520 0.003076 0.016070
0 0.502041 0.335260 0.004183 0.016719
0 0.474429 0.474992 0.013793 0.055892
0 0.464425 0.476512 0.010971 0.055298
0 0.442603 0.474068 0.010303 0.051340
0 0.432683 0.477892 0.010249 0.045994
0 0.438403 0.489572 0.009978 0.057276
0 0.452834 0.492694 0.014103 0.056919
0 0.440863 0.517288 0.019041 0.061550
0 0.492134 0.830492 0.032888 0.139305
0 0.501535 0.785315 0.027725 0.130389
0 0.098325 0.477936 0.013904 0.048459
0 0.657383 0.704638 0.035121 0.125377
0 0.665114 0.706152 0.021215 0.115617
0 0.023862 0.496342 0.018034 0.054578
0 0.376605 0.980451 0.024168 0.185949
0 0.397046 1.000000 0.018978 0.105983
0 0.414767 1.000000 0.022169 0.084938
0 0.508206 0.585697 0.020891 0.066542
0 0.533945 0.508159 0.015518 0.056305
0 0.527578 0.507396 0.011802 0.029138
0 0.504544 0.486357 0.010506 0.055363
0 0.496182 0.440577 0.008855 0.043575
0 0.500853 0.462226 0.010782 0.049966
0 0.579433 0.502414 0.012321 0.064405
