0 0.514684 0.315888 0.002231 0.013101
0 0.525017 0.315974 0.002869 0.012010
0 0.539006 0.315619 0.002651 0.010831
0 0.570652 0.303187 0.001437 0.007437
0 0.586467 0.304244 0.001839 0.013279
0 0.564621 0.326348 0.004593 0.017425
0 0.570676 0.328498 0.002064 0.014579
0 0.572452 0.326876 0.002699 0.016739
0 0.574769 0.326550 0.003498 0.016233
0 0.577723 0.324269 0.002725 0.016558
0 0.578685 0.325248 0.002231 0.014607
0 0.579412 0.325298 0.003497 0.016251
0 0.602992 0.320240 0.002829 0.015431
0 0.603795 0.316658 0.002350 0.013655
0 0.604852 0.318465 0.001899 0.013620
0 0.606033 0.314312 0.002550 0.013728
0 0.609251 0.310873 0.001880 0.012232
0 0.611731 0.312606 0.002544 0.016593
0 0.632948 0.316315 0.002620 0.014077
0 0.642782 0.326735 0.002716 0.010643
0 0.615956 0.301310 0.002248 0.006973
0 0.697014 0.333107 0.003015 0.023383
0 0.679186 0.376338 0.005616 0.031759
0 0.647595 0.388353 0.006586 0.031677
0 0.566416 0.403338 0.008607 0.035239
0 0.532032 0.436937 0.011957 0.042748
0 0.512250 0.445294 0.008438 0.043267
0 0.503702 0.448124 0.005259 0.024629
0 0.510703 0.469039 0.010727 0.059573
0 0.525926 0.470585 0.008762 0.056874
0 0.535542 0.473079 0.010080 0.052363
0 0.506633 0.392476 0.004854 0.033073
0 0.512801 0.378401 0.004061 0.011523
0 0.512346 0.391051 0.006388 0.032108
0 0.514243 0.396185 0.006668 0.033970
0 0.518386 0.395032 0.006910 0.038444
0 0.520251 0.389209 0.005675 0.033425
0 0.524376 0.402987 0.006287 0.026056
0 0.527887 0.387855 0.006681 0.032347
0 0.531290 0.385541 0.005794 0.034274
0 0.528713 0.399669 0.006657 0.029356
0 0.530762 0.392985 0.005270 0.032826
0 0.532585 0.400886 0.003744 0.023849
0 0.538486 0.388786 0.005081 0.034884
0 0.101602 0.365826 0.005698 0.019813
0 0.091169 0.365315 0.003292 0.020215
0 0.092028 0.364595 0.003901 0.021056
0 0.134741 0.366065 0.005600 0.019112
0 0.143943 0.364942 0.003552 0.017875
0 0.171080 0.365690 0.004896 0.019704
0 0.196055 0.356750 0.002531 0.011885
0 0.199253 0.355403 0.004198 0.017915
0 0.202365 0.355626 0.002894 0.018418
0 0.205289 0.354043 0.003922 0.018953
0 0.228204 0.350214 0.002995 0.016953
0 0.236598 0.350046 0.003685 0.018478
0 0.244713 0.346832 0.002679 0.015070
0 0.247212 0.349289 0.003787 0.017434
0 0.132466 0.352330 0.004339 0.015598
0 0.125302 0.349639 0.003601 0.015016
0 0.121216 0.351241 0.003933 0.014255
0 0.121412 0.349183 0.003681 0.016910
0 0.101289 0.348345 0.001420 0.009396
0 0.087198 0.348157 0.002665 0.013869
0 0.121429 0.339309 0.002471 0.009987
0 0.085350 0.343045 0.002071 0.012049
0 0.093272 0.348807 0.004349 0.015922
0 0.097125 0.348543 0.002290 0.013280
0 0.089593 0.347501 0.002231 0.013090
0 0.094180 0.347202 0.002266 0.012216
0 0.093674 0.327795 0.001427 0.009036
0 0.093515 0.335612 0.002321 0.010943
0 0.090994 0.337118 0.002176 0.009356
0 0.091608 0.333746 0.002348 0.008686
0 0.091635 0.342976 0.001873 0.011868
0 0.037723 0.375855 0.003291 0.015424
0 0.030576 0.387023 0.006597 0.024520
0 0.118992 0.338781 0.002182 0.010647
0 0.092113 0.326295 0.001799 0.006994
0 0.028753 0.542425 0.023652 0.032860
0 0.011938 0.660337 0.027682 0.114095
0 0.217141 0.532359 0.010014 0.041220
0 0.229953 0.539004 0.014779 0.034655
0 0.765084 0.618511 0.016962 0.097279
0 0.773678 0.528313 0.017808 0.055029
0 0.535404 0.648965 0.019830 0.115764
0 0.535188 0.572944 0.016483 0.073016
0 0.547278 0.591039 0.013898 0.057010
0 0.556304 0.573949 0.012810 0.080062
0 0.627192 0.588676 0.014529 0.080522
0 0.593424 0.559627 0.014961 0.082833
0 0.566301 0.548030 0.014774 0.073360
0 0.567738 0.814407 0.022364 0.082971
0 0.485151 0.475289 0.009395 0.048498
0 0.476205 0.462715 0.009839 0.044346
0 0.470775 0.461482 0.008090 0.025833
0 0.465752 0.466634 0.008322 0.048195
0 0.442758 0.470214 0.010346 0.058001
0 0.414335 0.469226 0.008931 0.052657
0 0.406547 0.473641 0.009094 0.050985
0 0.440918 0.442734 0.010236 0.042683
0 0.443743 0.424877 0.008889 0.035754
0 0.438624 0.421840 0.008042 0.036457
0 0.492612 0.399556 0.008734 0.034740
0 0.477282 0.395327 0.007924 0.033406
0 0.468792 0.389719 0.005481 0.035314
0 0.463219 0.400972 0.005914 0.019675
0 0.461810 0.398592 0.006832 0.030595
0 0.451846 0.404414 0.009493 0.032055
0 0.451725 0.406055 0.004991 0.015264
0 0.444753 0.395920 0.005548 0.036531
0 0.441069 0.397551 0.005658 0.027741
0 0.437214 0.401032 0.006246 0.032938
0 0.432214 0.404507 0.007952 0.033265
0 0.428824 0.406969 0.005390 0.022883
0 0.424867 0.402305 0.004188 0.033781
0 0.420926 0.403031 0.009297 0.034867
0 0.409226 0.366508 0.006085 0.023822
0 0.400770 0.366914 0.003985 0.021601
0 0.396132 0.367932 0.006834 0.021143
0 0.390065 0.370151 0.007057 0.024745
0 0.380583 0.373010 0.006035 0.025294
0 0.372800 0.372244 0.005479 0.029206
0 0.358625 0.371242 0.003949 0.025823
0 0.347924 0.372087 0.003954 0.015178
0 0.275225 0.356689 0.003113 0.012804
0 0.274781 0.353031 0.003458 0.018059
0 0.379137 0.350228 0.005808 0.020314
0 0.383139 0.328875 0.003259 0.010780
0 0.395186 0.346855 0.005938 0.019148
0 0.396655 0.347735 0.005955 0.019543
0 0.439233 0.341925 0.003194 0.017313
0 0.472480 0.332180 0.002343 0.014865
0 0.474213 0.338787 0.002883 0.017853
0 0.477540 0.333182 0.002150 0.014336
0 0.479121 0.334391 0.002109 0.012017
0 0.480770 0.336265 0.002012 0.013886
0 0.483274 0.335426 0.001875 0.013281
0 0.486377 0.334635 0.002395 0.015874
0 0.487797 0.336428 0.003277 0.015985
0 0.488432 0.333344 0.003426 0.018520
0 0.492216 0.336028 0.003154 0.021628
0 0.493417 0.337150 0.002846 0.019126
0 0.489849 0.325362 0.002506 0.013387
0 0.419168 0.366811 0.005255 0.025904
0 0.350006 0.365831 0.004001 0.021279
0 0.489962 0.734162 0.025622 0.144553
0 0.014941 0.491129 0.016995 0.056690
0 0.502507 0.392682 0.006956 0.038047
0 0.543276 0.474142 0.009792 0.053138
0 0.521801 0.472824 0.013756 0.058176
0 0.510664 0.469025 0.010827 0.059676
0 0.505504 0.481845 0.010604 0.060140
0 0.496136 0.485996 0.010958 0.052635
0 0.485217 0.475273 0.009421 0.048156
0 0.470115 0.488762 0.013683 0.056389
0 0.455452 0.487509 0.010132 0.060961
0 0.442792 0.470226 0.010469 0.058064
0 0.432739 0.490742 0.012539 0.058954
0 0.422843 0.488485 0.011278 0.062845
0 0.423927 0.475935 0.016720 0.054836
0 0.460059 0.474041 0.010447 0.054448
0 0.475280 0.462595 0.011204 0.043773
0 0.471011 0.463133 0.007556 0.028498
0 0.466118 0.466743 0.009221 0.048498
0 0.500513 0.438738 0.012372 0.042350
0 0.503715 0.448169 0.005325 0.024841
0 0.512481 0.445718 0.008052 0.044103
0 0.589245 0.497805 0.011825 0.063259
0 0.552963 0.779335 0.017618 0.154563
0 0.619889 0.492753 0.018868 0.064154
0 0.613924 0.490114 0.011670 0.057189
0 0.582243 0.799427 0.024237 0.152206
0 0.607414 0.715049 0.023473 0.118204