0 0.617417 0.601605 0.019501 0.095659
0 0.597702 0.600321 0.019024 0.097951
0 0.563040 0.568647 0.015434 0.075302
0 0.516266 0.554542 0.013801 0.072581
0 0.612228 0.548395 0.018556 0.062665
0 0.510956 0.446514 0.010307 0.053680
0 0.521758 0.386456 0.007008 0.031579
0 0.527892 0.389037 0.006260 0.024000
0 0.604747 0.393188 0.005582 0.031715
0 0.609715 0.392126 0.008245 0.036809
0 0.643314 0.392110 0.007420 0.032978
0 0.643504 0.381116 0.007792 0.033160
0 0.650367 0.381742 0.005793 0.033788
0 0.655743 0.378394 0.006044 0.034149
0 0.520765 0.316109 0.001888 0.011889
0 0.539234 0.316245 0.003056 0.011886
0 0.564712 0.326706 0.004379 0.016626
0 0.569535 0.328720 0.002306 0.014322
0 0.572229 0.327081 0.002871 0.016469
0 0.574803 0.326553 0.003476 0.016432
0 0.577588 0.323898 0.002345 0.016045
0 0.578422 0.325468 0.003155 0.015359
0 0.579135 0.325160 0.004993 0.016236
0 0.585272 0.314293 0.002981 0.011315
0 0.587264 0.304149 0.003187 0.011422
0 0.598263 0.315879 0.002549 0.012758
0 0.601061 0.315788 0.002199 0.013833
0 0.601802 0.317805 0.002650 0.006793
0 0.605933 0.316666 0.004311 0.015873
0 0.606262 0.312382 0.003075 0.015040
0 0.609572 0.311206 0.002379 0.012164
0 0.639845 0.326904 0.004081 0.015168
0 0.644450 0.328958 0.004546 0.017782
0 0.653753 0.330861 0.004460 0.017879
0 0.668304 0.330748 0.004716 0.017188
0 0.676445 0.332043 0.003259 0.019772
0 0.691199 0.331996 0.006362 0.012996
0 0.719410 0.336319 0.003615 0.019374
0 0.722272 0.338686 0.004402 0.019510
0 0.725088 0.335892 0.005023 0.020817
0 0.730572 0.333352 0.006319 0.018923
0 0.731175 0.341083 0.003476 0.019467
0 0.734417 0.335858 0.005111 0.020198
0 0.735539 0.339410 0.005968 0.018865
0 0.735010 0.340611 0.004664 0.018398
0 0.737074 0.330263 0.003442 0.012993
0 0.745223 0.336050 0.003591 0.019824
0 0.652418 0.305101 0.002308 0.011607
0 0.089374 0.329403 0.002293 0.009797
0 0.091811 0.331963 0.002059 0.009947
0 0.094727 0.337492 0.001727 0.010205
0 0.097000 0.333429 0.002507 0.014560
0 0.086009 0.343502 0.002523 0.013454
0 0.092163 0.354308 0.004010 0.019530
0 0.095652 0.357723 0.003184 0.011769
0 0.099705 0.362608 0.005574 0.018567
0 0.105089 0.355943 0.003573 0.017117
0 0.110044 0.351659 0.003466 0.017973
0 0.116150 0.354651 0.003432 0.015786
0 0.115888 0.360682 0.003462 0.020375
0 0.116725 0.370662 0.004101 0.016661
0 0.121341 0.339668 0.002322 0.013870
0 0.123788 0.338887 0.002486 0.011255
0 0.119178 0.345333 0.002250 0.014473
0 0.120824 0.345483 0.002783 0.013946
0 0.124886 0.348008 0.002810 0.014307
0 0.125909 0.349503 0.003187 0.014622
0 0.128207 0.347229 0.002822 0.016671
0 0.123281 0.360698 0.004171 0.020665
0 0.130053 0.356149 0.004512 0.016960
0 0.134696 0.354973 0.004815 0.018970
0 0.143665 0.360765 0.002521 0.010830
0 0.079271 0.377727 0.004430 0.023966
0 0.047237 0.373187 0.007008 0.027462
0 0.175868 0.354609 0.004039 0.016780
0 0.203994 0.382679 0.007553 0.021394
0 0.225329 0.362942 0.004651 0.023266
0 0.226172 0.345148 0.002520 0.014762
0 0.228303 0.350081 0.002837 0.017112
0 0.227557 0.357083 0.003938 0.017394
0 0.232582 0.350228 0.003880 0.019439
0 0.234991 0.356978 0.005319 0.018856
0 0.331538 1.000000 0.025326 0.133659
0 0.530701 0.871960 0.033238 0.164108
0 0.478096 0.685895 0.025687 0.123897
0 0.443708 0.615931 0.023365 0.097860
0 0.482566 0.624779 0.022248 0.092974
0 0.490498 0.549820 0.008200 0.042966
0 0.478603 0.549657 0.009922 0.040809
0 0.445899 0.536602 0.010094 0.043557
0 0.028518 0.543701 0.024065 0.030622
0 0.207036 0.534399 0.009901 0.032529
0 0.230873 0.536798 0.014648 0.030039
0 0.260752 0.353583 0.002762 0.017735
0 0.265612 0.359051 0.002509 0.017762
0 0.365223 0.380003 0.005925 0.030162
0 0.373542 0.376719 0.004313 0.027919
0 0.376379 0.378389 0.004888 0.023424
0 0.372114 0.389375 0.005190 0.030715
0 0.376836 0.395997 0.008159 0.025666
0 0.378462 0.389450 0.006348 0.029169
0 0.381960 0.385216 0.004450 0.019350
0 0.385459 0.379386 0.005054 0.029526
0 0.390478 0.379638 0.005407 0.028774
0 0.394407 0.386963 0.005400 0.029016
0 0.396940 0.385163 0.004567 0.030699
0 0.399614 0.389087 0.004994 0.031840
0 0.407922 0.381244 0.005006 0.032466
0 0.412479 0.392012 0.008040 0.027744
0 0.415997 0.392312 0.006879 0.025340
0 0.417225 0.398590 0.007934 0.030158
0 0.419314 0.386164 0.006217 0.028107
0 0.420326 0.381035 0.004594 0.027565
0 0.423367 0.379599 0.005722 0.028832
0 0.425584 0.370852 0.004448 0.027533
0 0.429968 0.371638 0.004823 0.025114
0 0.431430 0.374451 0.007393 0.023332
0 0.430513 0.382683 0.008105 0.028580
0 0.439489 0.377944 0.006064 0.025180
0 0.440877 0.384345 0.006110 0.024461
0 0.443013 0.391007 0.007590 0.025653
0 0.440057 0.397702 0.008212 0.028550
0 0.450272 0.391559 0.008050 0.030767
0 0.448009 0.379845 0.006093 0.028795
0 0.452764 0.383757 0.004645 0.029316
0 0.459782 0.383476 0.003526 0.027901
0 0.460576 0.376785 0.003574 0.014993
0 0.467111 0.395008 0.006540 0.034592
0 0.468244 0.394133 0.004751 0.022594
0 0.471724 0.393775 0.006391 0.024770
0 0.474081 0.388183 0.006541 0.030310
0 0.475450 0.390988 0.009642 0.030136
0 0.484080 0.374099 0.008969 0.024299
0 0.486058 0.391388 0.008088 0.022865
0 0.484415 0.394647 0.004367 0.016244
0 0.491832 0.390307 0.006192 0.029568
0 0.447298 0.340792 0.003628 0.017626
0 0.471809 0.337360 0.004291 0.010064
0 0.473110 0.339618 0.005758 0.014538
0 0.467983 0.333552 0.003038 0.018373
0 0.470633 0.333938 0.002506 0.015267
0 0.472548 0.332542 0.002697 0.014051
0 0.474353 0.334942 0.002327 0.013949
0 0.477729 0.334029 0.002701 0.015315
0 0.475912 0.338247 0.004712 0.016595
0 0.477014 0.340803 0.002536 0.008035
0 0.478143 0.335069 0.002307 0.014708
0 0.479382 0.336359 0.002514 0.016126
0 0.481209 0.337290 0.002515 0.016598
0 0.482590 0.337053 0.002540 0.017103
0 0.484183 0.337178 0.003366 0.017178
0 0.487139 0.336224 0.002301 0.017993
0 0.488486 0.335353 0.003483 0.019978
0 0.492881 0.334660 0.003041 0.019471
0 0.495724 0.336604 0.002202 0.016845
0 0.496573 0.336910 0.002795 0.018723
0 0.497763 0.337135 0.002361 0.016936
0 0.427314 0.425487 0.009298 0.038610
0 0.428277 0.393921 0.006677 0.033097
0 0.425254 0.396910 0.006743 0.031730
0 0.427858 0.395968 0.005350 0.020438
0 0.444715 0.419605 0.010398 0.040676
0 0.433045 0.446014 0.010011 0.044202
0 0.440063 0.451814 0.009822 0.029488
0 0.447121 0.445487 0.009290 0.042854
0 0.474289 0.427312 0.005881 0.042529
0 0.382983 0.329225 0.003379 0.011407
0 0.471680 0.336032 0.003809 0.014420
0 0.398985 0.394935 0.007278 0.034888
0 0.494937 0.920028 0.027698 0.133637
0 0.436533 0.515604 0.014262 0.073063
0 0.454894 0.521090 0.014400 0.073352
0 0.445719 0.536582 0.009684 0.043275
0 0.476434 0.525434 0.015818 0.067219
0 0.499494 0.391544 0.010488 0.033504
0 0.496958 0.386102 0.008073 0.031062
0 0.500090 0.450849 0.008608 0.043336
0 0.496542 0.614721 0.017657 0.085579
0 0.497628 0.679986 0.019971 0.113871
0 0.548643 0.483781 0.014169 0.061149
0 0.538034 0.489008 0.010743 0.055922
0 0.533613 0.476355 0.011947 0.060458
0 0.679996 1.000000 0.038541 0.159909
0 0.642581 0.996503 0.040467 0.175944
0 0.556663 0.821670 0.026067 0.148317
0 0.592346 0.820978 0.032278 0.142461
0 0.613036 0.741361 0.031101 0.132083
0 0.590081 0.746696 0.025555 0.138365
