0 0.385151 0.961327 0.026176 0.176698
0 0.030831 0.541507 0.019913 0.027749
0 0.215643 0.533258 0.014032 0.042643
0 0.230364 0.540924 0.019820 0.038052
0 0.262020 0.461329 0.013327 0.048952
0 0.292477 0.445587 0.008659 0.048101
0 0.254109 0.358209 0.003912 0.020282
0 0.259281 0.352542 0.003782 0.018742
0 0.256433 0.347502 0.003315 0.017473
0 0.352438 0.376768 0.005682 0.025217
0 0.361089 0.380044 0.006166 0.020549
0 0.359276 0.369302 0.004048 0.017706
0 0.363341 0.372083 0.004486 0.025841
0 0.373604 0.373993 0.006391 0.024549
0 0.372464 0.376988 0.003468 0.016460
0 0.377242 0.371992 0.004300 0.027640
0 0.378691 0.370793 0.003718 0.025092
0 0.383141 0.372096 0.005663 0.027381
0 0.384101 0.376880 0.008000 0.024919
0 0.391370 0.373538 0.004428 0.025129
0 0.386718 0.372268 0.006561 0.021796
0 0.395515 0.371320 0.004530 0.026359
0 0.407164 0.378377 0.004399 0.023053
0 0.411615 0.373539 0.005101 0.024812
0 0.408880 0.375787 0.002619 0.016936
0 0.409540 0.366892 0.003786 0.019826
0 0.406025 0.366999 0.004042 0.019985
0 0.411826 0.369116 0.004904 0.026494
0 0.417557 0.364667 0.005300 0.022315
0 0.414357 0.368705 0.003524 0.024760
0 0.417359 0.369518 0.004268 0.025115
0 0.420622 0.371608 0.005053 0.024314
0 0.422316 0.379275 0.003802 0.012571
0 0.426128 0.376446 0.005196 0.026232
0 0.431783 0.375443 0.004748 0.027560
0 0.435018 0.374687 0.004427 0.028397
0 0.445156 0.413168 0.008718 0.032675
0 0.446027 0.430549 0.006988 0.033878
0 0.452882 0.427159 0.009579 0.038466
0 0.473972 0.418506 0.013075 0.040401
0 0.460125 0.398961 0.009325 0.031572
0 0.470456 0.402979 0.006140 0.034614
0 0.475298 0.400436 0.006416 0.038434
0 0.470327 0.395194 0.006128 0.037269
0 0.462403 0.393741 0.009553 0.032461
0 0.465556 0.465568 0.011921 0.049566
0 0.474254 0.464501 0.010418 0.050653
0 0.426018 0.441209 0.008933 0.042722
0 0.418219 0.442135 0.008001 0.045675
0 0.416456 0.472968 0.011855 0.042385
0 0.497630 0.336300 0.002317 0.016026
0 0.495794 0.336364 0.002675 0.016197
0 0.493660 0.335291 0.002364 0.014965
0 0.492543 0.334357 0.003138 0.018123
0 0.488572 0.335689 0.003114 0.020987
0 0.487002 0.335856 0.002094 0.018158
0 0.485356 0.335853 0.002503 0.014712
0 0.483907 0.336350 0.002612 0.015349
0 0.482765 0.340635 0.004913 0.014531
0 0.479291 0.337017 0.002051 0.017354
0 0.481116 0.334937 0.001922 0.012337
0 0.482372 0.335136 0.002264 0.012580
0 0.477751 0.333528 0.001932 0.014986
0 0.472574 0.333195 0.002595 0.013106
0 0.475741 0.337895 0.004610 0.016298
0 0.472726 0.337152 0.002093 0.009527
0 0.473134 0.339206 0.005922 0.013220
0 0.466986 0.332172 0.002284 0.015533
0 0.470177 0.332991 0.002062 0.012783
0 0.467298 0.338437 0.002092 0.012744
0 0.417261 0.347727 0.004613 0.016909
0 0.349812 0.351522 0.003891 0.019196
0 0.396326 0.317923 0.001955 0.011833
0 0.413348 0.337569 0.002602 0.009579
0 0.383050 0.331069 0.003530 0.013251
0 0.313122 0.362631 0.001099 0.005380
0 0.246207 0.356272 0.002737 0.010425
0 0.244902 0.359504 0.006206 0.020702
0 0.242069 0.350624 0.002656 0.010344
0 0.241344 0.348549 0.005424 0.015298
0 0.228244 0.350027 0.003350 0.017295
0 0.217364 0.354247 0.005800 0.019851
0 0.213840 0.355354 0.003308 0.018488
0 0.226680 0.392855 0.008707 0.015341
0 0.200959 0.422701 0.014042 0.028230
0 0.175153 0.465890 0.009860 0.048262
0 0.149129 0.356973 0.003595 0.018038
0 0.145267 0.357118 0.003280 0.017877
0 0.135764 0.362265 0.004978 0.020306
0 0.133619 0.356108 0.003579 0.017289
0 0.129008 0.351623 0.002845 0.013864
0 0.127631 0.351986 0.005873 0.016711
0 0.130745 0.347149 0.003762 0.016409
0 0.127841 0.346373 0.003385 0.016491
0 0.117195 0.356141 0.003819 0.017272
0 0.116029 0.351767 0.003309 0.017179
0 0.118471 0.340947 0.003394 0.014487
0 0.110488 0.348941 0.002536 0.012961
0 0.110211 0.352938 0.003054 0.015231
0 0.099340 0.349661 0.003490 0.016932
0 0.089290 0.331280 0.002492 0.007316
0 0.097574 0.339093 0.002403 0.011113
0 0.093690 0.351309 0.003290 0.016522
0 0.089268 0.349223 0.002987 0.015896
0 0.085951 0.343280 0.002649 0.012312
0 0.094137 0.374884 0.004126 0.023290
0 0.085558 0.375897 0.004353 0.023457
0 0.025158 0.371888 0.007861 0.021747
0 0.100973 0.321662 0.001517 0.008658
0 0.525130 0.676162 0.013423 0.064912
0 0.512624 0.678122 0.013255 0.057454
0 0.528956 0.554509 0.014469 0.073348
0 0.435972 0.541467 0.010528 0.054065
0 0.529539 0.472410 0.011708 0.039507
0 0.522103 0.438925 0.009873 0.045385
0 0.514795 0.431945 0.009351 0.044585
0 0.511008 0.438133 0.005865 0.027968
0 0.505297 0.427210 0.009659 0.046748
0 0.600190 0.383133 0.010435 0.028378
0 0.614309 0.387626 0.006500 0.030599
0 0.629574 0.382407 0.007962 0.031211
0 0.634712 0.376142 0.008225 0.024603
0 0.683026 0.365672 0.006591 0.027796
0 0.700214 0.370518 0.005716 0.022123
0 0.705227 0.367546 0.003543 0.032656
0 0.708509 0.368088 0.008034 0.030655
0 0.719840 0.368741 0.005582 0.028191
0 0.727062 0.370696 0.004298 0.028177
0 0.732391 0.369624 0.006359 0.031724
0 0.738370 0.342681 0.005748 0.018710
0 0.734771 0.347861 0.005487 0.020242
0 0.729944 0.337806 0.004086 0.018552
0 0.720436 0.333812 0.004166 0.018926
0 0.719208 0.334712 0.005537 0.019437
0 0.676964 0.331441 0.003554 0.016305
0 0.652992 0.329738 0.003249 0.016578
0 0.650035 0.329849 0.003343 0.016386
0 0.647867 0.329241 0.004088 0.016229
0 0.639005 0.328595 0.003574 0.016071
0 0.633582 0.328296 0.002529 0.015320
0 0.632274 0.329212 0.002548 0.014787
0 0.631354 0.329735 0.002706 0.014943
0 0.624512 0.328586 0.004008 0.015404
0 0.616688 0.327286 0.003008 0.015163
0 0.612211 0.327519 0.003265 0.014544
0 0.584029 0.324215 0.004272 0.015449
0 0.579145 0.324904 0.003691 0.016576
0 0.575604 0.326268 0.003302 0.016799
0 0.572513 0.327002 0.002752 0.016733
0 0.569447 0.328717 0.002237 0.014068
0 0.564432 0.326435 0.005008 0.017243
0 0.587674 0.306604 0.001323 0.006631
0 0.586542 0.303786 0.001906 0.010520
0 0.608389 0.306643 0.002009 0.011611
0 0.387539 0.474075 0.012812 0.056884
0 0.400383 0.472910 0.009889 0.054759
0 0.453586 0.528917 0.014362 0.072565
0 0.440394 0.491989 0.015088 0.052918
0 0.457658 0.480686 0.010415 0.053246
0 0.496268 0.404396 0.009022 0.036054
0 0.497972 0.335638 0.002582 0.016277
0 0.497356 0.335754 0.001864 0.015335
0 0.497930 0.474786 0.013191 0.058710
0 0.489970 0.523712 0.013938 0.068901
0 0.500863 0.523023 0.017264 0.069893
0 0.535900 0.524694 0.013830 0.068159
0 0.520973 0.517627 0.011242 0.068014
0 0.520434 0.497563 0.011983 0.037411
0 0.992471 0.505064 0.018376 0.067390
0 0.995441 0.553778 0.012595 0.068986
0 0.253814 0.357841 0.003108 0.020197
0 0.251237 0.357142 0.005113 0.019795
0 0.803392 0.820576 0.034889 0.177031
0 0.820511 0.756113 0.043906 0.113651
0 0.790439 0.746426 0.028878 0.054336
0 0.491713 0.885273 0.040749 0.178812
0 0.497094 0.742961 0.027638 0.130915
0 0.513095 0.761362 0.020378 0.078522
0 0.565110 0.736687 0.021153 0.119928
0 0.500108 0.651630 0.026477 0.091825
