0 0.166723 0.426304 0.008040 0.027603
0 0.238532 0.460288 0.013661 0.044967
0 0.238831 0.455738 0.012736 0.047422
0 0.245140 0.428225 0.008838 0.022547
0 0.122090 0.337890 0.002957 0.014121
0 0.117729 0.353567 0.003985 0.017943
0 0.122872 0.353526 0.003107 0.019202
0 0.127756 0.356364 0.005539 0.019261
0 0.135241 0.353202 0.003922 0.017814
0 0.142949 0.373586 0.003864 0.024967
0 0.147853 0.372924 0.003732 0.024685
0 0.157300 0.356477 0.003829 0.022126
0 0.162564 0.367272 0.003639 0.024836
0 0.165930 0.366062 0.003446 0.021657
0 0.200640 0.362414 0.003868 0.022831
0 0.205616 0.353125 0.005378 0.015839
0 0.208971 0.354666 0.003639 0.010654
0 0.226684 0.361979 0.003011 0.017187
0 0.227447 0.357264 0.003249 0.016699
0 0.228260 0.349338 0.003328 0.015136
0 0.229047 0.359663 0.003716 0.021057
0 0.232506 0.361095 0.003243 0.019948
0 0.234989 0.356776 0.003773 0.019113
0 0.236542 0.359514 0.004303 0.020514
0 0.237593 0.356797 0.003153 0.017163
0 0.239784 0.355725 0.004539 0.018664
0 0.241161 0.347547 0.004150 0.017709
0 0.243876 0.358214 0.005162 0.019658
0 0.246117 0.356643 0.004213 0.020469
0 0.099213 0.330048 0.001765 0.008441
0 0.099125 0.332009 0.001664 0.007843
0 0.097635 0.332479 0.002465 0.011542
0 0.095829 0.329449 0.001943 0.008394
0 0.094336 0.329896 0.001939 0.008377
0 0.092494 0.330034 0.001466 0.008457
0 0.093669 0.332852 0.001857 0.009079
0 0.095406 0.333642 0.002258 0.009919
0 0.093399 0.343283 0.003314 0.012805
0 0.093864 0.347217 0.003218 0.014894
0 0.118419 0.438347 0.013096 0.026097
0 0.116986 0.431213 0.009945 0.021652
0 0.128335 0.437778 0.009951 0.023431
0 0.128533 0.430172 0.011295 0.021108
0 0.042611 0.354604 0.005232 0.019412
0 0.033862 0.377675 0.005669 0.027930
0 0.230500 0.537020 0.011535 0.035875
0 0.215024 0.541478 0.010809 0.027305
0 0.034075 0.541973 0.013443 0.027241
0 0.408980 0.469969 0.010109 0.044444
0 0.358534 0.447384 0.014123 0.043975
0 0.407599 0.454956 0.007465 0.048552
0 0.434793 0.445946 0.010202 0.043655
0 0.442747 0.446870 0.009106 0.040117
0 0.487661 0.421799 0.007251 0.035373
0 0.482034 0.420791 0.008864 0.040699
0 0.470097 0.427798 0.009671 0.042270
0 0.444970 0.429002 0.007473 0.040493
0 0.449318 0.435635 0.005970 0.025581
0 0.430090 0.440200 0.007577 0.046159
0 0.419372 0.424911 0.007570 0.040528
0 0.254315 0.359688 0.003292 0.019573
0 0.254248 0.353569 0.003560 0.019277
0 0.257065 0.356367 0.002638 0.020801
0 0.267070 0.356534 0.002170 0.012785
0 0.268080 0.356219 0.001878 0.012503
0 0.270720 0.356613 0.002115 0.014180
0 0.280084 0.356379 0.003535 0.014270
0 0.332303 0.365007 0.004282 0.018431
0 0.334709 0.353983 0.003978 0.019323
0 0.336649 0.357692 0.004877 0.018040
0 0.340116 0.348011 0.002130 0.017284
0 0.340227 0.352614 0.002999 0.017370
0 0.341808 0.353857 0.004144 0.015394
0 0.344826 0.355772 0.004625 0.018699
0 0.344643 0.365527 0.004383 0.021520
0 0.336563 0.361632 0.005592 0.022651
0 0.340422 0.367958 0.005306 0.021454
0 0.349273 0.350242 0.003388 0.018410
0 0.350377 0.348165 0.002122 0.009738
0 0.353761 0.351525 0.004457 0.019074
0 0.352736 0.348888 0.004243 0.018548
0 0.356951 0.352755 0.003647 0.020238
0 0.358279 0.350213 0.002837 0.019861
0 0.360950 0.350068 0.004620 0.018529
0 0.359990 0.361037 0.005093 0.021986
0 0.363032 0.359555 0.003324 0.019436
0 0.362977 0.369388 0.005409 0.023892
0 0.429073 0.406099 0.008079 0.034891
0 0.436101 0.403411 0.008849 0.032188
0 0.441959 0.396721 0.008287 0.033989
0 0.436841 0.396524 0.006548 0.033124
0 0.424375 0.397968 0.005494 0.032696
0 0.428228 0.394236 0.006195 0.031135
0 0.423822 0.389082 0.005972 0.032467
0 0.425946 0.388561 0.003484 0.027011
0 0.413052 0.396702 0.006289 0.034259
0 0.406698 0.397094 0.004165 0.029312
0 0.386368 0.374893 0.007895 0.025644
0 0.377525 0.374645 0.005257 0.026403
0 0.389116 0.369393 0.005854 0.026580
0 0.394041 0.372574 0.006099 0.019809
0 0.391459 0.361994 0.005422 0.018529
0 0.373371 0.362358 0.004038 0.023763
0 0.378643 0.405164 0.009796 0.027042
0 0.349319 0.347785 0.002440 0.014725
0 0.488428 0.606542 0.016980 0.087497
0 0.470383 0.607281 0.013564 0.086104
0 0.429020 0.541242 0.012970 0.068894
0 0.530688 0.441168 0.012659 0.046907
0 0.534720 0.442336 0.007183 0.044182
0 0.582401 0.395049 0.007685 0.038434
0 0.576492 0.402563 0.006962 0.022402
0 0.570378 0.393390 0.007226 0.039878
0 0.565749 0.391113 0.005694 0.035694
0 0.676241 0.365844 0.005019 0.032730
0 0.682148 0.366169 0.004901 0.025277
0 0.685287 0.366513 0.003686 0.028138
0 0.687036 0.366280 0.004341 0.030847
0 0.696562 0.369155 0.005622 0.026280
0 0.693946 0.366385 0.004754 0.030234
0 0.699435 0.367100 0.004230 0.028001
0 0.705465 0.369730 0.006984 0.026647
0 0.708331 0.361663 0.004908 0.031130
0 0.713967 0.368168 0.005605 0.030946
0 0.724678 0.365311 0.006595 0.030366
0 0.705504 0.329923 0.003936 0.016129
0 0.696897 0.334003 0.004229 0.019746
0 0.678766 0.334215 0.004186 0.020434
0 0.640365 0.330952 0.004927 0.016851
0 0.631172 0.328811 0.004450 0.016385
0 0.628526 0.329063 0.002947 0.015526
0 0.622286 0.338636 0.006932 0.014761
0 0.604975 0.316232 0.002250 0.012033
0 0.599875 0.320997 0.002259 0.012681
0 0.597474 0.321002 0.002371 0.014489
0 0.595196 0.321671 0.002934 0.015075
0 0.598769 0.318971 0.002170 0.014383
0 0.596430 0.318171 0.002114 0.014701
0 0.598217 0.317005 0.002449 0.013825
0 0.596437 0.314829 0.002340 0.014757
0 0.589120 0.315612 0.002695 0.015496
0 0.587689 0.306521 0.001659 0.011889
0 0.580748 0.319787 0.002990 0.012731
0 0.578331 0.318681 0.002725 0.014737
0 0.565092 0.315210 0.002967 0.012411
0 0.563557 0.314952 0.002028 0.013055
0 0.538845 0.316113 0.001952 0.012185
0 0.534164 0.333764 0.002763 0.015701
0 0.524502 0.317244 0.002281 0.010241
0 0.513444 0.316677 0.002867 0.011650
0 0.616671 0.301274 0.002030 0.007756
0 0.630222 0.316265 0.004173 0.014031
0 0.583853 0.306277 0.002006 0.010345
0 0.616273 0.320714 0.002781 0.013569
0 0.694041 0.650719 0.020724 0.103931
0 0.655708 0.659509 0.022290 0.107000
0 0.577074 0.691829 0.034274 0.104442
0 0.992823 0.544292 0.010902 0.044851
0 0.250366 0.346764 0.003882 0.018874
0 0.248952 0.345825 0.003530 0.017022
0 0.420826 0.503146 0.012552 0.044171
0 0.410466 0.498394 0.012221 0.057509
0 0.428842 0.487279 0.008288 0.029654
0 0.437866 0.475697 0.014169 0.053373
0 0.408948 0.474984 0.009958 0.053642
0 0.542538 0.705448 0.025812 0.145220
0 0.517169 0.731675 0.025521 0.131413
0 0.599860 0.485462 0.011395 0.061337
0 0.583368 0.509414 0.014206 0.064506
0 0.538197 0.507229 0.010758 0.068395
0 0.510048 0.477040 0.013329 0.054895
0 0.502162 0.479906 0.010037 0.052349
0 0.488006 0.481428 0.010981 0.053990
0 0.089991 0.343989 0.002011 0.007336
0 0.091688 0.350414 0.003188 0.010198
0 0.087358 0.342525 0.001212 0.006647
0 0.088062 0.342151 0.001206 0.007041
0 0.091306 0.342394 0.001318 0.005949
0 0.069378 0.438018 0.008403 0.025780
0 0.103562 0.439648 0.007543 0.036375
0 0.090445 0.439360 0.006137 0.032857
