0 0.127604 0.428683 0.008131 0.017018
0 0.129014 0.438148 0.010016 0.023061
0 0.116510 0.432280 0.007067 0.023227
0 0.078141 0.377909 0.007192 0.021730
0 0.031678 0.383198 0.007589 0.028802
0 0.020443 0.385228 0.004634 0.024965
0 0.042865 0.354384 0.003352 0.017180
0 0.094708 0.364925 0.004636 0.020112
0 0.098220 0.356345 0.004418 0.018540
0 0.095279 0.356228 0.003399 0.017639
0 0.104384 0.363342 0.004756 0.019160
0 0.101633 0.365899 0.003258 0.011019
0 0.104250 0.367293 0.004494 0.021832
0 0.092473 0.352278 0.003858 0.017843
0 0.093687 0.347980 0.003189 0.016073
0 0.098102 0.331326 0.002470 0.008239
0 0.096518 0.332743 0.001647 0.009278
0 0.094640 0.332318 0.002141 0.008566
0 0.092549 0.334112 0.002559 0.010904
0 0.090592 0.333090 0.001765 0.008923
0 0.088732 0.329045 0.001720 0.009825
0 0.089475 0.329519 0.001662 0.008069
0 0.092419 0.329412 0.001586 0.007330
0 0.094410 0.329389 0.001958 0.007142
0 0.117585 0.358856 0.004590 0.019654
0 0.115963 0.354651 0.002640 0.017275
0 0.122420 0.344619 0.003914 0.015644
0 0.124889 0.354144 0.003299 0.016039
0 0.127548 0.353780 0.004026 0.017111
0 0.131325 0.349888 0.004025 0.014914
0 0.132507 0.348220 0.005633 0.018087
0 0.128672 0.345588 0.003420 0.014939
0 0.138944 0.368950 0.002906 0.021613
0 0.170445 0.362443 0.004768 0.020731
0 0.178715 0.353040 0.003469 0.016823
0 0.199619 0.358555 0.003713 0.012876
0 0.202206 0.357077 0.003223 0.015361
0 0.204667 0.358109 0.003358 0.012591
0 0.218522 0.354126 0.003180 0.012435
0 0.223097 0.352112 0.002650 0.015017
0 0.245480 0.427256 0.007818 0.019503
0 0.014661 0.389972 0.004320 0.023348
0 0.240391 0.346699 0.003995 0.010208
0 0.214173 0.360503 0.003052 0.009173
0 0.108707 0.346149 0.004047 0.014271
0 0.109142 0.349929 0.003042 0.012235
0 0.108860 0.355567 0.003760 0.016522
0 0.108675 0.355783 0.003408 0.016775
0 0.087890 0.319446 0.001240 0.005964
0 0.213246 0.544214 0.005356 0.035480
0 0.028869 0.543422 0.024255 0.030457
0 0.402941 0.470865 0.014187 0.054097
0 0.406008 0.472973 0.007713 0.048573
0 0.434088 0.404305 0.005290 0.033242
0 0.447999 0.402368 0.007278 0.036750
0 0.450593 0.410698 0.008391 0.037172
0 0.470621 0.405629 0.005789 0.033678
0 0.480757 0.335902 0.003111 0.011123
0 0.480911 0.336552 0.003943 0.017255
0 0.444291 0.339341 0.002989 0.011600
0 0.409323 0.369660 0.005293 0.026824
0 0.399857 0.372966 0.006908 0.019866
0 0.397897 0.370683 0.003575 0.025815
0 0.394398 0.371977 0.004535 0.024537
0 0.390707 0.369802 0.003863 0.026492
0 0.389616 0.372096 0.005053 0.025381
0 0.386551 0.370496 0.005067 0.025845
0 0.383192 0.376732 0.005236 0.025611
0 0.379845 0.371689 0.004946 0.024913
0 0.377511 0.372046 0.003472 0.026702
0 0.372419 0.373257 0.004742 0.025673
0 0.353354 0.376959 0.005708 0.030999
0 0.356827 0.349581 0.002747 0.016678
0 0.378765 0.329385 0.002930 0.012500
0 0.439308 0.311430 0.001963 0.010534
0 0.302177 0.286157 0.002425 0.009773
0 0.447099 0.311324 0.002406 0.008259
0 0.488457 0.593892 0.013612 0.090426
0 0.472896 0.563322 0.021160 0.081151
0 0.467529 0.566989 0.011863 0.079430
0 0.515833 0.390351 0.006561 0.032249
0 0.530701 0.393322 0.005312 0.031943
0 0.535270 0.403082 0.012006 0.037204
0 0.539068 0.389568 0.004903 0.035328
0 0.535718 0.383094 0.005446 0.031525
0 0.563333 0.387335 0.005476 0.029389
0 0.571526 0.393456 0.008279 0.033919
0 0.571999 0.393237 0.006531 0.039835
0 0.577878 0.402294 0.006920 0.022009
0 0.583678 0.394718 0.007276 0.037977
0 0.588505 0.395626 0.005318 0.032430
0 0.597516 0.390493 0.006855 0.032941
0 0.601626 0.397956 0.007272 0.038050
0 0.603942 0.399896 0.006026 0.036053
0 0.618495 0.397743 0.006462 0.038210
0 0.682412 0.368462 0.007224 0.030015
0 0.685928 0.360651 0.004069 0.024907
0 0.686841 0.365881 0.004946 0.032035
0 0.687209 0.358779 0.003778 0.014945
0 0.692734 0.362272 0.003741 0.016603
0 0.694219 0.366510 0.005609 0.030110
0 0.697394 0.369332 0.005469 0.026050
0 0.699564 0.367417 0.004311 0.028268
0 0.705500 0.369672 0.006615 0.026474
0 0.707116 0.365404 0.004608 0.023109
0 0.708539 0.364285 0.005434 0.023841
0 0.713288 0.367859 0.005879 0.030173
0 0.723094 0.368782 0.005350 0.031375
0 0.632052 0.315321 0.002002 0.013514
0 0.632433 0.313765 0.002269 0.013897
0 0.604585 0.315604 0.001781 0.007715
0 0.602831 0.313598 0.003134 0.014088
0 0.604590 0.308928 0.002967 0.013784
0 0.602308 0.309549 0.002129 0.011219
0 0.597450 0.308721 0.003267 0.012694
0 0.590355 0.305683 0.001506 0.008881
0 0.579452 0.314973 0.003968 0.013262
0 0.517159 0.333641 0.002401 0.012604
0 0.512912 0.334848 0.004152 0.014370
0 0.510242 0.314972 0.001887 0.011755
0 0.513588 0.315735 0.001953 0.011239
0 0.512821 0.317517 0.002224 0.012655
0 0.514963 0.317366 0.002934 0.013663
0 0.531140 0.332071 0.004341 0.012618
0 0.621914 0.681462 0.029748 0.110774
0 0.659860 0.915189 0.032850 0.158978
0 0.671429 1.000000 0.043988 0.167025
0 0.500911 0.335998 0.005202 0.016930
0 0.498411 0.338480 0.002034 0.012989
0 0.496997 0.336115 0.003049 0.017793
0 0.495456 0.330790 0.001781 0.007094
0 0.495497 0.335182 0.004178 0.017506
0 0.562270 0.480357 0.011503 0.053312
0 0.494859 0.477425 0.012181 0.052237
0 0.483595 0.491457 0.012058 0.047651
0 0.473599 0.491881 0.009861 0.020518
0 0.463753 0.493714 0.010899 0.057837
0 0.483345 0.516586 0.013246 0.061992
0 0.469674 0.515496 0.012045 0.065446
0 0.041724 0.739206 0.026511 0.121336
0 0.603640 0.770210 0.027444 0.134471
0 0.624079 0.753454 0.022232 0.127937
0 0.655868 0.739535 0.032408 0.140038
0 0.669917 0.723384 0.025067 0.144986
0 0.104702 0.432843 0.006914 0.023052
0 0.124872 0.348132 0.003700 0.018368
0 0.099255 0.353256 0.003167 0.014179
0 0.105779 0.354998 0.004142 0.018650
0 0.086751 0.344456 0.002438 0.015089
0 0.091124 0.344379 0.001990 0.010384
0 0.119524 0.337625 0.002544 0.011755
