0 0.228287 0.349685 0.003062 0.017910
0 0.234971 0.345984 0.004129 0.013534
0 0.170003 0.363142 0.004267 0.020009
0 0.156083 0.356596 0.002989 0.016302
0 0.152955 0.356374 0.003967 0.015530
0 0.145806 0.353551 0.002372 0.013458
0 0.145034 0.356601 0.002249 0.016663
0 0.138031 0.365159 0.004206 0.020162
0 0.129235 0.372865 0.004473 0.025649
0 0.137765 0.352858 0.002659 0.016399
0 0.136174 0.355179 0.003436 0.017253
0 0.128279 0.354707 0.003860 0.016526
0 0.124783 0.352896 0.004249 0.018901
0 0.120791 0.354941 0.004451 0.017775
0 0.123566 0.347673 0.003527 0.014160
0 0.119294 0.349145 0.002376 0.011455
0 0.124874 0.342838 0.001489 0.007338
0 0.121667 0.340922 0.003111 0.013457
0 0.119730 0.340900 0.002376 0.013476
0 0.114825 0.362639 0.003639 0.014664
0 0.110445 0.361503 0.004610 0.018521
0 0.107641 0.365707 0.003039 0.011114
0 0.100371 0.356021 0.003841 0.017993
0 0.093529 0.354584 0.003680 0.016826
0 0.105819 0.341082 0.001686 0.008318
0 0.096554 0.347191 0.002282 0.014642
0 0.089140 0.348501 0.003420 0.016230
0 0.031014 0.384586 0.004831 0.025757
0 0.037489 0.376263 0.001795 0.016931
0 0.047650 0.371593 0.006704 0.019510
0 0.091537 0.339852 0.003219 0.013704
0 0.093866 0.336249 0.002011 0.012292
0 0.090889 0.335201 0.002978 0.014187
0 0.088920 0.338299 0.001712 0.010629
0 0.088908 0.329733 0.001646 0.008101
0 0.087729 0.329454 0.001346 0.008556
0 0.092981 0.330142 0.001690 0.010499
0 0.092253 0.326553 0.001309 0.007741
0 0.040809 0.354530 0.003963 0.013817
0 0.042667 0.355494 0.004087 0.021049
0 0.053619 0.357224 0.005105 0.027078
0 0.086671 0.343183 0.002846 0.012690
0 0.231238 0.538248 0.011484 0.032889
0 0.204076 0.536318 0.008834 0.027120
0 0.028487 0.543259 0.024449 0.031441
0 0.494188 0.396340 0.008372 0.037584
0 0.484015 0.398691 0.006045 0.033987
0 0.477211 0.396348 0.007996 0.031347
0 0.468977 0.389667 0.005269 0.034725
0 0.471686 0.411385 0.008069 0.035549
0 0.462799 0.419019 0.004919 0.024681
0 0.462298 0.415327 0.009435 0.028951
0 0.463459 0.399829 0.004986 0.017150
0 0.457612 0.403832 0.007983 0.028814
0 0.460691 0.394159 0.007387 0.021821
0 0.451802 0.393559 0.009791 0.029136
0 0.452065 0.404432 0.008943 0.032014
0 0.451326 0.406175 0.004100 0.014919
0 0.446477 0.413445 0.006080 0.033306
0 0.444367 0.395747 0.006016 0.037511
0 0.440927 0.399498 0.004989 0.032348
0 0.438460 0.402504 0.006192 0.034822
0 0.438774 0.408013 0.007671 0.036143
0 0.435632 0.405994 0.006745 0.037287
0 0.433493 0.404823 0.004963 0.030793
0 0.431643 0.399551 0.006175 0.035330
0 0.427704 0.406879 0.006148 0.022580
0 0.418871 0.405762 0.007385 0.038496
0 0.421928 0.403475 0.006942 0.034370
0 0.495657 0.337031 0.002772 0.017237
0 0.493410 0.336214 0.002182 0.016402
0 0.492481 0.334989 0.004051 0.019429
0 0.488760 0.337215 0.003452 0.017347
0 0.487916 0.334865 0.002728 0.020869
0 0.486580 0.336005 0.002625 0.018700
0 0.483813 0.337187 0.002696 0.017638
0 0.482203 0.337260 0.002446 0.016895
0 0.481160 0.337107 0.002307 0.016756
0 0.478792 0.336526 0.004000 0.016439
0 0.478157 0.335139 0.002741 0.017951
0 0.476690 0.339603 0.003386 0.010333
0 0.474636 0.339885 0.002539 0.019059
0 0.472748 0.337164 0.002553 0.009366
0 0.472437 0.339228 0.004186 0.013964
0 0.475655 0.335719 0.005730 0.015472
0 0.472847 0.335987 0.004711 0.013859
0 0.472618 0.332027 0.002500 0.013627
0 0.470851 0.335402 0.002208 0.014537
0 0.470144 0.334780 0.002048 0.014008
0 0.468065 0.333882 0.001944 0.014481
0 0.465396 0.334930 0.003341 0.016949
0 0.452140 0.322228 0.001988 0.012156
0 0.419052 0.367732 0.005192 0.024135
0 0.409345 0.365217 0.006313 0.022023
0 0.406332 0.369744 0.004957 0.023889
0 0.397707 0.369348 0.005505 0.023298
0 0.392743 0.371077 0.006570 0.025653
0 0.388841 0.369923 0.004403 0.024924
0 0.385522 0.371447 0.004038 0.021999
0 0.381766 0.372824 0.005395 0.025918
0 0.378168 0.371417 0.006138 0.023395
0 0.372821 0.372121 0.005428 0.029199
0 0.359323 0.371966 0.004279 0.026429
0 0.355251 0.371647 0.004583 0.026317
0 0.346920 0.377384 0.005179 0.023515
0 0.415698 0.347129 0.004882 0.018656
0 0.406519 0.345869 0.005127 0.019763
0 0.353266 0.349777 0.003837 0.016738
0 0.343016 0.353582 0.003157 0.014369
0 0.252905 0.356364 0.004923 0.021252
0 0.383186 0.330326 0.005129 0.014713
0 0.376308 0.330653 0.004556 0.014217
0 0.478556 0.602538 0.016410 0.098618
0 0.508337 0.457021 0.008956 0.045916
0 0.517045 0.450433 0.009143 0.048424
0 0.529681 0.464447 0.014162 0.054867
0 0.544603 0.464181 0.010447 0.051329
0 0.520262 0.438371 0.008365 0.040582
0 0.528381 0.434316 0.008828 0.041727
0 0.536998 0.414967 0.007752 0.042111
0 0.540121 0.410222 0.007625 0.044510
0 0.532351 0.397031 0.010180 0.034019
0 0.506641 0.396618 0.002389 0.015002
0 0.507887 0.396050 0.003346 0.017694
0 0.509344 0.397801 0.004985 0.024734
0 0.509617 0.385904 0.003908 0.022000
0 0.513981 0.380420 0.005876 0.014382
0 0.513434 0.388778 0.004647 0.025990
0 0.512145 0.395236 0.004268 0.028266
0 0.515172 0.397559 0.004489 0.022579
0 0.514980 0.386983 0.005282 0.028582
0 0.519116 0.391829 0.005692 0.032955
0 0.520247 0.389070 0.004537 0.033403
0 0.522483 0.386701 0.005037 0.032767
0 0.525680 0.387937 0.004220 0.029497
0 0.528617 0.385251 0.004311 0.029984
0 0.591286 0.386434 0.009404 0.036818
0 0.635439 0.381667 0.006546 0.036676
0 0.649186 0.377774 0.006215 0.030966
0 0.659380 0.382576 0.005907 0.021791
0 0.662145 0.379918 0.005915 0.029283
0 0.679015 0.364703 0.007085 0.030999
0 0.709813 0.384014 0.007633 0.030486
0 0.712753 0.366673 0.006319 0.027477
0 0.707470 0.367228 0.005896 0.028846
0 0.704160 0.362775 0.007139 0.023944
0 0.565125 0.314561 0.003391 0.012030
0 0.565335 0.326371 0.003083 0.017312
0 0.572816 0.323372 0.003107 0.016950
0 0.570768 0.328653 0.002264 0.014561
0 0.572221 0.327112 0.002813 0.016373
0 0.574761 0.326661 0.003563 0.016254
0 0.578121 0.323938 0.002775 0.015891
0 0.578537 0.325258 0.002055 0.014764
0 0.579149 0.325339 0.004873 0.016049
0 0.580849 0.301328 0.001979 0.004602
0 0.586547 0.303419 0.002196 0.010566
0 0.587540 0.306189 0.001315 0.006288
0 0.585796 0.316191 0.003997 0.012691
0 0.589708 0.315571 0.002662 0.013145
0 0.590122 0.316374 0.001765 0.005409
0 0.603009 0.308714 0.002907 0.012627
0 0.609660 0.306447 0.001690 0.010708
0 0.616060 0.302634 0.002187 0.009962
0 0.651802 0.303418 0.001688 0.011241
0 0.611873 0.323281 0.003401 0.014919
0 0.606570 0.322510 0.003294 0.015748
0 0.621105 0.327371 0.003569 0.018242
0 0.630455 0.327559 0.004747 0.017325
0 0.638082 0.326522 0.003428 0.018160
0 0.670571 0.333312 0.005641 0.016713
0 0.685008 0.333227 0.005520 0.019504
0 0.692452 0.331202 0.005082 0.017978
0 0.692876 0.331005 0.003367 0.008903
0 0.693043 0.329356 0.003509 0.018904
0 0.695676 0.330399 0.003106 0.016270
0 0.697465 0.331452 0.003742 0.020204
0 0.706464 0.331557 0.002902 0.019160
0 0.708412 0.333164 0.003562 0.019332
0 0.514327 0.594734 0.020616 0.096139
0 0.534140 0.596876 0.017671 0.091856
0 0.540298 0.557428 0.013120 0.076039
0 0.556698 0.552494 0.018608 0.075912
0 0.591266 0.591806 0.017327 0.087708
0 0.606470 0.592520 0.016065 0.088728
0 0.565094 0.647108 0.018101 0.105200
0 0.552436 0.646840 0.018396 0.115439
0 0.684660 0.610185 0.022499 0.102809
0 0.697927 0.655613 0.020909 0.103243
0 0.724705 0.658547 0.029224 0.117372
0 0.823332 0.564445 0.027080 0.074909
0 0.496343 0.391790 0.004722 0.032803
0 0.496946 0.396971 0.006591 0.034329
0 0.500705 0.390913 0.007577 0.037201
0 0.423184 0.498100 0.011692 0.068393
0 0.459235 0.479157 0.014169 0.051632
0 0.469758 0.489853 0.008965 0.031430
0 0.477702 0.488007 0.009541 0.035762
0 0.490501 0.493956 0.010811 0.054261
0 0.503501 0.494452 0.011249 0.058967
0 0.510388 0.503760 0.007925 0.037487
0 0.516146 0.493090 0.012635 0.058070
0 0.536034 0.482024 0.010602 0.051906
0 0.545059 0.495925 0.011954 0.061337
0 0.495503 0.601654 0.019264 0.087310
0 0.499171 0.707894 0.027783 0.133394
0 0.520488 0.733455 0.022850 0.075163
0 0.538704 0.702727 0.026218 0.126228
0 0.092393 0.343874 0.002440 0.011525
0 0.087014 0.343370 0.003581 0.013322
0 0.020314 0.382982 0.006176 0.033124
0 0.014376 0.381787 0.007072 0.038181
0 0.022827 0.379807 0.005802 0.030881
