0 0.435687 0.603367 0.017496 0.097723
0 0.431624 0.555126 0.019841 0.078299
0 0.851375 0.975271 0.037495 0.176900
0 0.564419 0.813699 0.022990 0.084651
0 0.232728 0.539740 0.012335 0.035450
0 0.219477 0.534350 0.013368 0.045531
0 0.028920 0.543686 0.024404 0.029950
0 0.004663 0.666498 0.025318 0.126375
0 0.682914 0.586241 0.019671 0.088425
0 0.593126 0.536830 0.011803 0.066874
0 0.523571 0.545327 0.012395 0.047643
0 0.228297 0.349379 0.003308 0.018578
0 0.236063 0.344652 0.004004 0.016255
0 0.184989 0.354535 0.002971 0.015945
0 0.186167 0.352904 0.002973 0.016343
0 0.137726 0.363680 0.004017 0.018360
0 0.125750 0.370938 0.003497 0.023334
0 0.109573 0.364044 0.006250 0.021588
0 0.108293 0.365175 0.004055 0.020253
0 0.073256 0.378301 0.004336 0.024056
0 0.074423 0.378848 0.004250 0.021172
0 0.133841 0.354870 0.004338 0.016252
0 0.126383 0.354453 0.003177 0.015619
0 0.126829 0.352362 0.003828 0.017217
0 0.123208 0.352102 0.003291 0.017205
0 0.120679 0.348655 0.003357 0.015038
0 0.109689 0.344403 0.002692 0.013693
0 0.097196 0.351576 0.004362 0.016138
0 0.087605 0.349529 0.005405 0.017335
0 0.090151 0.347388 0.003413 0.017100
0 0.094828 0.346652 0.002846 0.016895
0 0.093521 0.349058 0.001765 0.010253
0 0.091361 0.345472 0.002725 0.017831
0 0.096760 0.336328 0.003083 0.013717
0 0.093656 0.337178 0.002135 0.013911
0 0.091644 0.340148 0.003995 0.014738
0 0.093202 0.329182 0.001509 0.007846
0 0.093663 0.328292 0.001558 0.009330
0 0.042521 0.356925 0.003976 0.022917
0 0.087678 0.320380 0.001454 0.007912
0 0.277465 0.356821 0.003775 0.017479
0 0.321003 0.359845 0.003676 0.017867
0 0.338058 0.351498 0.006196 0.019748
0 0.346752 0.376893 0.005571 0.024252
0 0.358747 0.371279 0.004409 0.025632
0 0.372751 0.372161 0.005439 0.028828
0 0.380409 0.372326 0.006409 0.024124
0 0.390163 0.370648 0.006970 0.025777
0 0.396458 0.369000 0.006476 0.023357
0 0.409388 0.367469 0.006325 0.025478
0 0.419115 0.366992 0.005002 0.025653
0 0.417139 0.345777 0.003523 0.020111
0 0.427047 0.342626 0.003630 0.018062
0 0.432437 0.343088 0.004993 0.018698
0 0.442299 0.340764 0.004592 0.015849
0 0.475297 0.324345 0.002489 0.013052
0 0.493437 0.336542 0.002333 0.017053
0 0.492451 0.334946 0.004019 0.019291
0 0.487697 0.337367 0.003698 0.017247
0 0.488250 0.334782 0.003359 0.020968
0 0.486708 0.335969 0.002784 0.018713
0 0.484091 0.337344 0.002849 0.016988
0 0.481983 0.337197 0.002306 0.017294
0 0.480898 0.337227 0.001709 0.016516
0 0.479454 0.337290 0.002898 0.014185
0 0.479001 0.336098 0.002639 0.015612
0 0.477426 0.334916 0.003118 0.017527
0 0.472811 0.332275 0.003300 0.014022
0 0.475768 0.339581 0.002235 0.011009
0 0.474665 0.338321 0.004069 0.016903
0 0.471780 0.337603 0.002530 0.009840
0 0.472321 0.339742 0.005683 0.014689
0 0.491898 0.458938 0.007343 0.046142
0 0.486923 0.463314 0.004672 0.024671
0 0.482158 0.451987 0.012493 0.045361
0 0.469037 0.453985 0.010111 0.042225
0 0.453797 0.442959 0.010827 0.037037
0 0.438336 0.450221 0.007177 0.029936
0 0.436007 0.451312 0.012880 0.046494
0 0.483927 0.398590 0.006168 0.034299
0 0.477018 0.395295 0.007933 0.033238
0 0.468304 0.388852 0.006677 0.033467
0 0.464773 0.409983 0.009328 0.036807
0 0.462674 0.400649 0.005685 0.017843
0 0.460987 0.400350 0.006940 0.034297
0 0.451666 0.404627 0.009078 0.031651
0 0.451275 0.405986 0.004131 0.015202
0 0.442979 0.410983 0.007786 0.038301
0 0.436377 0.423344 0.008361 0.043601
0 0.432954 0.404392 0.006819 0.033657
0 0.429456 0.402363 0.005655 0.034889
0 0.437367 0.400791 0.005383 0.032561
0 0.443753 0.394322 0.005563 0.034302
0 0.424804 0.402433 0.005561 0.033666
0 0.420900 0.403264 0.009084 0.034650
0 0.440732 0.402280 0.005464 0.027467
0 0.441888 0.397680 0.005958 0.027956
0 0.738923 0.354345 0.006868 0.027519
0 0.724186 0.369235 0.006925 0.026882
0 0.724849 0.366252 0.004028 0.025912
0 0.719781 0.367388 0.004400 0.026859
0 0.713597 0.363840 0.004332 0.025073
0 0.706346 0.363259 0.006116 0.031394
0 0.678256 0.378544 0.009395 0.027171
0 0.697143 0.329649 0.003247 0.016387
0 0.693312 0.330074 0.002909 0.008985
0 0.692495 0.330660 0.005301 0.015221
0 0.689665 0.324121 0.002176 0.007315
0 0.669855 0.332985 0.005278 0.016775
0 0.663496 0.329916 0.003047 0.018196
0 0.663699 0.327628 0.002780 0.011557
0 0.606179 0.321042 0.002475 0.016077
0 0.606908 0.309800 0.002644 0.011749
0 0.615931 0.301803 0.001451 0.008520
0 0.613349 0.301874 0.001943 0.008330
0 0.603587 0.312377 0.002461 0.013232
0 0.589285 0.307653 0.001792 0.012725
0 0.586436 0.304582 0.001742 0.013395
0 0.564956 0.326430 0.003831 0.017272
0 0.570583 0.328488 0.002006 0.014382
0 0.572317 0.327129 0.002904 0.016483
0 0.574776 0.326504 0.003508 0.016345
0 0.578905 0.325266 0.004882 0.016193
0 0.517576 0.454290 0.008707 0.051119
0 0.513035 0.455106 0.014546 0.051303
0 0.506571 0.449617 0.009267 0.053540
0 0.536928 0.426763 0.008925 0.042882
0 0.527447 0.425537 0.011179 0.043741
0 0.532070 0.384661 0.004627 0.033933
0 0.529250 0.387747 0.005499 0.034545
0 0.528774 0.390136 0.004807 0.034076
0 0.502494 0.397230 0.004037 0.035311
0 0.508702 0.388981 0.005300 0.027432
0 0.507644 0.395704 0.004611 0.017050
0 0.510110 0.398415 0.004976 0.024894
0 0.513106 0.395465 0.004117 0.028508
0 0.515411 0.394816 0.002876 0.027701
0 0.512922 0.389371 0.005452 0.028167
0 0.514884 0.388462 0.003569 0.030307
0 0.518948 0.391842 0.006244 0.033025
0 0.520488 0.389248 0.004657 0.033456
0 0.522888 0.388831 0.003651 0.030942
0 0.518202 0.386811 0.004437 0.032962
0 0.526206 0.314886 0.002714 0.011448
0 0.515443 0.315120 0.002431 0.011140
0 0.496721 0.391737 0.007910 0.036954
0 0.498936 0.397576 0.008019 0.038031
0 0.502476 0.397141 0.004039 0.035236
0 0.502178 0.392019 0.004286 0.032953
0 0.445076 0.528854 0.013363 0.077865
0 0.454210 0.529079 0.013024 0.068094
0 0.468004 0.518716 0.011785 0.069686
0 0.480966 0.519785 0.014587 0.064941
0 0.478469 0.501704 0.013870 0.057013
0 0.458153 0.503821 0.016619 0.063638
0 0.456107 0.486772 0.008982 0.054733
0 0.439127 0.494350 0.009159 0.052575
0 0.656523 0.522875 0.012347 0.070867
0 0.580672 0.504026 0.012123 0.066400
0 0.556919 0.502020 0.013071 0.061015
0 0.544205 0.503087 0.011627 0.061316
0 0.532402 0.530586 0.014623 0.067678
0 0.518031 0.530595 0.015651 0.068773
0 0.524158 0.500502 0.011736 0.054700
0 0.503564 0.467879 0.010320 0.056347
0 0.495814 0.469789 0.008851 0.048833
0 0.687927 0.834779 0.041570 0.173436
0 0.692063 0.519075 0.018083 0.071413
0 0.687535 0.516054 0.013805 0.065384
0 0.545837 0.776586 0.022666 0.159132
0 0.564379 0.813066 0.022192 0.083674
0 0.587286 0.799114 0.032063 0.151943
0 0.936388 0.815434 0.041515 0.162623
