0 0.054125 0.375030 0.005963 0.013988
0 0.104696 0.361908 0.004513 0.019689
0 0.108067 0.361433 0.004938 0.019618
0 0.111468 0.359313 0.003545 0.017431
0 0.125161 0.348513 0.004090 0.015687
0 0.127743 0.354275 0.003662 0.013139
0 0.128598 0.350559 0.003131 0.014444
0 0.136137 0.348730 0.003223 0.017580
0 0.202765 0.355448 0.003156 0.018684
0 0.208020 0.355119 0.002946 0.019006
0 0.215205 0.353894 0.002963 0.019149
0 0.224207 0.360991 0.007136 0.019886
0 0.241764 0.352671 0.004741 0.019196
0 0.245260 0.426105 0.008073 0.019811
0 0.168520 0.425434 0.010732 0.027450
0 0.127980 0.437773 0.008450 0.020348
0 0.118801 0.436948 0.008565 0.021405
0 0.128802 0.427864 0.009462 0.015125
0 0.116818 0.431104 0.007292 0.021005
0 0.103567 0.438756 0.005387 0.034399
0 0.071546 0.437395 0.008228 0.026194
0 0.150051 0.378883 0.005261 0.012054
0 0.157142 0.379028 0.004933 0.011641
0 0.173900 0.378299 0.006199 0.011576
0 0.177609 0.375398 0.005710 0.011890
0 0.135402 0.379149 0.004486 0.009785
0 0.032720 0.542008 0.015466 0.026704
0 0.095064 0.658026 0.017298 0.097426
0 0.214075 0.544101 0.008902 0.030823
0 0.000000 0.710600 0.021134 0.065525
0 0.025491 0.552244 0.016600 0.012021
0 0.233792 0.544256 0.011366 0.032682
0 0.412503 0.457449 0.010728 0.048409
0 0.423806 0.461506 0.008934 0.045316
0 0.432889 0.440626 0.009785 0.044586
0 0.436017 0.443330 0.008485 0.040431
0 0.432668 0.403756 0.006019 0.033485
0 0.444337 0.402081 0.007842 0.035303
0 0.468400 0.398152 0.009329 0.042945
0 0.496295 0.335176 0.004897 0.016445
0 0.419678 0.342846 0.004940 0.019646
0 0.416644 0.334577 0.003000 0.011948
0 0.407303 0.367631 0.004898 0.026052
0 0.399986 0.368816 0.002207 0.024936
0 0.396129 0.370421 0.004789 0.025838
0 0.392671 0.371400 0.003794 0.024596
0 0.390549 0.369824 0.003588 0.026359
0 0.386367 0.370406 0.005148 0.025595
0 0.387838 0.372030 0.004933 0.025212
0 0.380293 0.372242 0.004139 0.024313
0 0.378409 0.372129 0.005142 0.027237
0 0.372230 0.373671 0.004943 0.023967
0 0.362692 0.375096 0.004268 0.026318
0 0.353102 0.377627 0.005722 0.032978
0 0.353500 0.352185 0.005897 0.016709
0 0.337209 0.356169 0.003572 0.022905
0 0.335182 0.359908 0.003255 0.020309
0 0.331846 0.360999 0.003721 0.022060
0 0.321842 0.359488 0.004154 0.022493
0 0.344529 0.351193 0.005440 0.021149
0 0.259705 0.346918 0.003091 0.017402
0 0.253757 0.357303 0.003296 0.017433
0 0.257234 0.357013 0.005805 0.018638
0 0.252915 0.359191 0.004377 0.023566
0 0.440701 0.312108 0.001879 0.008279
0 0.378788 0.328692 0.002825 0.010785
0 0.369966 1.000000 0.039306 0.170010
0 0.510514 0.314616 0.003292 0.010083
0 0.524263 0.317233 0.002277 0.010196
0 0.525632 0.316415 0.002027 0.010788
0 0.530474 0.315693 0.002400 0.011846
0 0.538822 0.317464 0.003472 0.013391
0 0.527377 0.333284 0.004534 0.016267
0 0.535272 0.331535 0.003322 0.016449
0 0.536606 0.331953 0.004172 0.016908
0 0.538533 0.334272 0.003080 0.012485
0 0.568342 0.316748 0.002316 0.011496
0 0.571145 0.316265 0.002835 0.012058
0 0.565960 0.324371 0.003189 0.016791
0 0.568144 0.325648 0.003718 0.015368
0 0.572363 0.326761 0.002841 0.015811
0 0.575634 0.327394 0.004369 0.014270
0 0.576857 0.325460 0.002529 0.015231
0 0.578876 0.322814 0.002653 0.016257
0 0.578942 0.325559 0.003150 0.016736
0 0.580943 0.324523 0.003185 0.017447
0 0.583716 0.323583 0.003551 0.017211
0 0.584016 0.320430 0.002678 0.014349
0 0.585567 0.317174 0.002988 0.013622
0 0.587999 0.322767 0.003340 0.015350
0 0.590637 0.322662 0.002767 0.015772
0 0.589999 0.319662 0.002980 0.014919
0 0.598950 0.313539 0.002323 0.012132
0 0.603495 0.312281 0.003091 0.013960
0 0.603724 0.321147 0.003095 0.016258
0 0.611063 0.324216 0.002314 0.009172
0 0.608286 0.305379 0.002221 0.011687
0 0.695119 0.308663 0.002671 0.014314
0 0.703056 0.307978 0.002139 0.013286
0 0.705862 0.307294 0.002480 0.013317
0 0.540282 0.457234 0.014594 0.045946
0 0.527054 0.425557 0.008346 0.039707
0 0.515022 0.390392 0.005432 0.032467
0 0.535742 0.402669 0.011079 0.036388
0 0.536084 0.384414 0.005935 0.034206
0 0.539559 0.389929 0.004892 0.035526
0 0.563992 0.389067 0.004624 0.032770
0 0.565411 0.394333 0.006096 0.029821
0 0.572088 0.393633 0.009818 0.034129
0 0.572032 0.393326 0.006684 0.039843
0 0.577872 0.402326 0.007156 0.022087
0 0.583554 0.394768 0.007226 0.038082
0 0.589733 0.395453 0.005604 0.032970
0 0.597261 0.393741 0.007354 0.039344
0 0.601045 0.398067 0.007319 0.038017
0 0.603425 0.399930 0.006466 0.036186
0 0.620417 0.397309 0.006581 0.036134
0 0.664160 0.363382 0.004798 0.024747
0 0.663980 0.361817 0.006239 0.023280
0 0.666780 0.367137 0.005511 0.017291
0 0.670759 0.362783 0.004426 0.027362
0 0.672202 0.363321 0.004233 0.028144
0 0.675200 0.365867 0.005322 0.030264
0 0.679607 0.367139 0.005494 0.030570
0 0.682626 0.368614 0.006610 0.030163
0 0.686798 0.359609 0.005082 0.017201
0 0.686838 0.365663 0.005541 0.032480
0 0.692972 0.362456 0.004346 0.016336
0 0.694338 0.366358 0.005710 0.030503
0 0.697337 0.369331 0.005595 0.026299
0 0.699469 0.367303 0.005117 0.028361
0 0.705746 0.369793 0.006382 0.026165
0 0.706385 0.366562 0.005489 0.026215
0 0.707876 0.366131 0.006731 0.027438
0 0.713556 0.367862 0.005542 0.030002
0 0.723364 0.368886 0.005954 0.031519
0 0.736341 0.338825 0.006293 0.018143
0 0.738972 0.339342 0.005262 0.016545
0 0.691061 0.333568 0.003509 0.021427
0 0.694274 0.332200 0.003517 0.020409
0 0.590502 0.305247 0.001510 0.008019
0 0.668111 0.315226 0.001734 0.008123
0 0.729625 0.300740 0.002140 0.010508
0 0.521556 0.545204 0.011753 0.073704
0 0.515369 0.568985 0.016381 0.077442
0 0.541238 0.539301 0.018458 0.072048
0 0.546227 0.597012 0.014494 0.089560
0 0.568762 0.592218 0.018718 0.085906
0 0.499121 0.336910 0.003222 0.011745
0 0.512372 0.529111 0.013172 0.076805
0 0.556369 0.537269 0.017639 0.082513
0 0.563946 0.710379 0.023467 0.127907
0 0.548518 0.718933 0.022935 0.118318
0 0.657254 0.815060 0.030620 0.144311
0 0.088781 0.438936 0.010009 0.032492
0 0.087227 0.343936 0.002750 0.013631
0 0.088573 0.347086 0.002809 0.015862
0 0.090929 0.345838 0.003189 0.018358
0 0.093884 0.347086 0.003131 0.015342
0 0.109578 0.347111 0.003034 0.017578
0 0.117232 0.350920 0.002114 0.015925
0 0.119782 0.346741 0.004733 0.016885
0 0.122374 0.342382 0.002916 0.013384
0 0.120601 0.340964 0.003897 0.015429
0 0.094886 0.336691 0.003001 0.011522
0 0.098346 0.334472 0.003048 0.013274
0 0.096100 0.332844 0.001535 0.009935
0 0.092912 0.332684 0.002306 0.010743
0 0.094187 0.329803 0.001787 0.007920
0 0.092653 0.331694 0.002153 0.012152
0 0.114575 0.335595 0.002516 0.013895
0 0.236672 0.356105 0.004583 0.018314
0 0.238630 0.352021 0.004054 0.020342
0 0.238075 0.356532 0.003303 0.016258
0 0.239502 0.354391 0.005478 0.019016
