0 0.789999 0.924358 0.032112 0.179805
0 0.809073 0.913420 0.033688 0.178270
0 0.694590 0.670968 0.022181 0.113124
0 0.675509 0.675435 0.023938 0.105065
0 0.617536 0.550121 0.014264 0.072493
0 0.626626 0.546235 0.015022 0.080927
0 0.457398 0.605453 0.014251 0.054921
0 0.443670 0.581113 0.017494 0.093781
0 0.470695 0.587655 0.019943 0.091921
0 0.469049 0.520164 0.010864 0.035555
0 0.235446 0.354194 0.004693 0.020295
0 0.228364 0.350102 0.002983 0.017336
0 0.217939 0.362256 0.003414 0.019624
0 0.187662 0.355606 0.004771 0.016901
0 0.170228 0.344814 0.003952 0.009035
0 0.176117 0.366955 0.004373 0.022547
0 0.171752 0.363085 0.005707 0.019925
0 0.148943 0.385944 0.010174 0.015819
0 0.143038 0.355606 0.003043 0.016428
0 0.139149 0.358642 0.004392 0.018112
0 0.138334 0.356302 0.003872 0.018746
0 0.135866 0.351048 0.004061 0.018476
0 0.131858 0.352058 0.003836 0.017207
0 0.130232 0.355204 0.003200 0.012849
0 0.130556 0.358235 0.005992 0.019340
0 0.126013 0.352269 0.004080 0.017464
0 0.122814 0.355520 0.004425 0.017157
0 0.122318 0.353082 0.003332 0.016930
0 0.119644 0.354280 0.003873 0.015026
0 0.116458 0.360026 0.005748 0.017915
0 0.108238 0.364183 0.004524 0.020788
0 0.099574 0.361432 0.003268 0.012663
0 0.096697 0.359094 0.004050 0.017820
0 0.093557 0.363328 0.003097 0.009430
0 0.101301 0.354699 0.004522 0.011745
0 0.110891 0.349312 0.003031 0.013953
0 0.103999 0.344980 0.002199 0.011165
0 0.120809 0.342852 0.003494 0.015543
0 0.122352 0.342605 0.002465 0.014057
0 0.088995 0.348545 0.003744 0.016120
0 0.093848 0.347657 0.002998 0.015892
0 0.085532 0.343876 0.002713 0.012814
0 0.087940 0.343219 0.002568 0.012994
0 0.097954 0.339926 0.003287 0.013024
0 0.092941 0.338837 0.001716 0.011754
0 0.091056 0.338828 0.003072 0.012056
0 0.094066 0.336028 0.002033 0.012130
0 0.092066 0.335263 0.002440 0.012473
0 0.094158 0.326960 0.001342 0.008268
0 0.048337 0.374414 0.005799 0.025012
0 0.052965 0.387461 0.008309 0.020187
0 0.042815 0.354314 0.003345 0.016979
0 0.046942 0.353321 0.003270 0.016088
0 0.567766 0.981328 0.042632 0.203076
0 0.707252 0.979441 0.038723 0.189972
0 0.427011 0.450365 0.008894 0.052468
0 0.472954 0.470574 0.009258 0.051790
0 0.479063 0.476555 0.008473 0.034218
0 0.486822 0.465895 0.011564 0.049435
0 0.478588 0.454127 0.011922 0.051014
0 0.493426 0.390399 0.007099 0.036715
0 0.489551 0.391515 0.006078 0.026631
0 0.483822 0.398143 0.007603 0.034226
0 0.472781 0.408696 0.008290 0.034147
0 0.462102 0.387426 0.006871 0.030967
0 0.455131 0.384437 0.004757 0.027633
0 0.455081 0.406540 0.005572 0.023106
0 0.451337 0.407306 0.008028 0.036586
0 0.444137 0.403251 0.009067 0.031695
0 0.441509 0.393214 0.007703 0.030554
0 0.434483 0.393555 0.006326 0.036818
0 0.431543 0.403719 0.006954 0.035803
0 0.430762 0.385287 0.005089 0.030890
0 0.427213 0.399590 0.005805 0.032933
0 0.422816 0.402086 0.006291 0.036463
0 0.421233 0.399509 0.005384 0.029173
0 0.415844 0.404149 0.005982 0.031613
0 0.410693 0.398649 0.007245 0.021611
0 0.403761 0.395830 0.008885 0.034553
0 0.416335 0.391995 0.005544 0.033203
0 0.425082 0.391128 0.005151 0.028966
0 0.420883 0.367914 0.005106 0.026105
0 0.413407 0.371796 0.005836 0.026670
0 0.410706 0.367323 0.005371 0.025176
0 0.395405 0.375485 0.006534 0.027026
0 0.388028 0.373494 0.005878 0.021251
0 0.396583 0.372800 0.003980 0.026320
0 0.393383 0.370533 0.003996 0.023742
0 0.383249 0.376138 0.005728 0.030399
0 0.380357 0.375153 0.004306 0.026760
0 0.378205 0.369673 0.006211 0.018429
0 0.373966 0.377182 0.007244 0.026736
0 0.375280 0.390467 0.007556 0.026974
0 0.355518 0.377510 0.007298 0.021988
0 0.360004 0.376225 0.004663 0.025948
0 0.356856 0.375624 0.004182 0.027995
0 0.411138 0.347618 0.003758 0.013898
0 0.446705 0.338908 0.003529 0.018977
0 0.473290 0.339339 0.005907 0.013929
0 0.472969 0.337312 0.002229 0.009549
0 0.475952 0.337351 0.004737 0.015367
0 0.476962 0.340056 0.003019 0.009569
0 0.471543 0.336249 0.003794 0.014961
0 0.477331 0.334945 0.001654 0.015546
0 0.479818 0.337878 0.002536 0.015009
0 0.482068 0.337203 0.002182 0.016954
0 0.481285 0.337286 0.002018 0.016491
0 0.483819 0.337160 0.002725 0.017296
0 0.473295 0.334517 0.003672 0.016211
0 0.487637 0.334690 0.003405 0.021122
0 0.492510 0.335049 0.004067 0.019343
0 0.493469 0.336229 0.002348 0.016501
0 0.496350 0.336863 0.002554 0.018991
0 0.497966 0.337178 0.002429 0.017239
0 0.495160 0.336851 0.002283 0.017176
0 0.443671 0.405175 0.003615 0.014164
0 0.435069 0.321065 0.002377 0.011824
0 0.028858 0.544224 0.023445 0.029875
0 0.206635 0.533173 0.008973 0.038271
0 0.232084 0.537801 0.012463 0.032371
0 0.508869 0.458817 0.008780 0.045491
0 0.515864 0.411709 0.007188 0.039338
0 0.508203 0.397765 0.004646 0.024536
0 0.519090 0.391879 0.006721 0.032783
0 0.511303 0.394202 0.005607 0.025562
0 0.526247 0.389315 0.006682 0.033698
0 0.528948 0.387734 0.003906 0.034456
0 0.512080 0.389768 0.005005 0.028116
0 0.506115 0.395434 0.003495 0.017065
0 0.505364 0.385865 0.005108 0.029218
0 0.576239 0.396271 0.007203 0.038303
0 0.581187 0.402325 0.009589 0.044578
0 0.588274 0.394258 0.005973 0.038202
0 0.587409 0.393661 0.008780 0.038497
0 0.606005 0.390277 0.005870 0.032025
0 0.603422 0.369373 0.006433 0.023022
0 0.617739 0.377282 0.005598 0.031465
0 0.627910 0.379883 0.008781 0.025530
0 0.649186 0.382043 0.007462 0.031869
0 0.659694 0.380870 0.007801 0.029976
0 0.645383 0.368484 0.005764 0.023395
0 0.666235 0.329714 0.003932 0.019794
0 0.661783 0.330678 0.004143 0.019372
0 0.655319 0.330962 0.003821 0.019999
0 0.679457 0.334124 0.004342 0.017423
0 0.683719 0.331335 0.003014 0.015973
0 0.641101 0.329040 0.004994 0.017641
0 0.635101 0.328224 0.003108 0.015832
0 0.516456 0.338027 0.004809 0.017216
0 0.565390 0.326397 0.003281 0.017335
0 0.570651 0.328672 0.002079 0.014640
0 0.572184 0.327112 0.002678 0.016407
0 0.574791 0.326712 0.003510 0.016266
0 0.579101 0.325191 0.005012 0.016217
0 0.577973 0.324245 0.003149 0.016457
0 0.575907 0.314683 0.003280 0.013874
0 0.601702 0.317401 0.002176 0.006260
0 0.598199 0.316230 0.002710 0.013237
0 0.601002 0.314954 0.002127 0.011965
0 0.598314 0.307901 0.002408 0.011723
0 0.616260 0.301979 0.001892 0.008377
0 0.587803 0.306095 0.002088 0.005412
0 0.586322 0.303646 0.001625 0.010766
0 0.582132 0.301995 0.001631 0.006295
0 0.523342 0.316504 0.002408 0.009971
0 0.683178 0.328392 0.001920 0.010041
0 0.584106 0.305501 0.001671 0.007371
0 0.460217 0.506198 0.017492 0.060792
0 0.478900 0.516384 0.010216 0.039848
0 0.496738 0.513212 0.011686 0.061919
0 0.497952 0.391701 0.006181 0.032536
0 0.597482 0.528706 0.016202 0.078895
0 0.555852 0.512008 0.014506 0.067034
0 0.546839 0.508576 0.012544 0.068250
0 0.529887 0.495353 0.012778 0.056298
0 0.739074 0.734257 0.024280 0.121698
0 0.712383 0.742787 0.029413 0.125884
0 0.247989 0.350548 0.004139 0.014866
0 0.739528 0.988142 0.038847 0.217083
0 0.504171 0.804745 0.030517 0.141820
0 0.527372 0.801222 0.030260 0.144890
0 0.542192 0.737538 0.022996 0.138773
0 0.562858 0.733488 0.027789 0.128573
0 0.615133 0.757715 0.021672 0.148048
0 0.636183 0.779477 0.028692 0.144567
0 0.447908 0.924547 0.031389 0.182226
0 0.488055 0.944905 0.042613 0.181605
