0 0.253927 0.360495 0.003930 0.020417
0 0.253752 0.360375 0.004277 0.020661
0 0.269240 0.360701 0.003209 0.019299
0 0.272179 0.359473 0.002633 0.013832
0 0.278506 0.357214 0.003805 0.016010
0 0.354191 0.375696 0.005783 0.026809
0 0.372709 0.376377 0.003337 0.017933
0 0.375819 0.376153 0.005046 0.025653
0 0.376944 0.370876 0.004960 0.025456
0 0.378821 0.374047 0.004630 0.025227
0 0.383214 0.377921 0.005861 0.027876
0 0.378907 0.384374 0.006960 0.025696
0 0.381881 0.384742 0.006538 0.023639
0 0.388993 0.373606 0.004550 0.024162
0 0.393361 0.369970 0.006820 0.026672
0 0.393677 0.385552 0.007299 0.027094
0 0.397772 0.380411 0.005923 0.027502
0 0.402009 0.384516 0.004522 0.030935
0 0.407495 0.368184 0.003829 0.025495
0 0.417821 0.366031 0.006549 0.023619
0 0.414333 0.374326 0.005762 0.024777
0 0.419452 0.372933 0.004472 0.023420
0 0.415396 0.390498 0.005349 0.033649
0 0.419856 0.387313 0.005241 0.031477
0 0.416902 0.401259 0.005569 0.033985
0 0.422639 0.401729 0.006211 0.030982
0 0.423055 0.421412 0.009049 0.044750
0 0.379256 0.452150 0.012417 0.039859
0 0.423643 0.371208 0.003933 0.025607
0 0.428604 0.372323 0.004196 0.024968
0 0.434845 0.375516 0.004804 0.024959
0 0.440430 0.380242 0.006594 0.023045
0 0.445398 0.383472 0.006240 0.025438
0 0.436761 0.392411 0.005480 0.030443
0 0.435212 0.408934 0.008401 0.030204
0 0.447154 0.389901 0.007522 0.031031
0 0.448662 0.387465 0.004072 0.021253
0 0.452899 0.383683 0.006345 0.027693
0 0.454935 0.378432 0.003413 0.031306
0 0.451196 0.394742 0.007196 0.026110
0 0.455920 0.402787 0.006842 0.035573
0 0.461384 0.381205 0.005932 0.029765
0 0.470320 0.378855 0.005073 0.028007
0 0.470502 0.384429 0.005319 0.029456
0 0.474088 0.382508 0.005242 0.029118
0 0.478051 0.382229 0.005176 0.028224
0 0.479804 0.384584 0.008026 0.030800
0 0.483104 0.385621 0.004383 0.021756
0 0.480483 0.389098 0.005824 0.028173
0 0.472562 0.394313 0.007350 0.034629
0 0.463903 0.412907 0.007327 0.037677
0 0.470421 0.413120 0.007630 0.036923
0 0.467189 0.420404 0.005583 0.025040
0 0.483567 0.421273 0.008307 0.043316
0 0.469635 0.427707 0.010204 0.036175
0 0.476123 0.447872 0.009195 0.050470
0 0.476521 0.455813 0.012617 0.048380
0 0.486723 0.451837 0.009944 0.051613
0 0.452949 0.470255 0.009621 0.058300
0 0.467821 0.333158 0.002618 0.017311
0 0.466218 0.339345 0.002103 0.012505
0 0.469673 0.334875 0.002720 0.016262
0 0.472203 0.342286 0.003343 0.019925
0 0.473066 0.336970 0.002237 0.010205
0 0.472561 0.332763 0.003030 0.014696
0 0.475651 0.336986 0.005013 0.013873
0 0.477906 0.335232 0.003016 0.017557
0 0.479378 0.336359 0.002272 0.015882
0 0.481201 0.336228 0.002082 0.014647
0 0.482398 0.336587 0.002178 0.015236
0 0.484015 0.337503 0.002572 0.017960
0 0.487282 0.336753 0.002659 0.019335
0 0.488579 0.335843 0.002708 0.021609
0 0.492500 0.335488 0.003282 0.019212
0 0.495425 0.336514 0.002083 0.016217
0 0.496367 0.336880 0.002698 0.018658
0 0.498091 0.336926 0.002094 0.017028
0 0.241146 0.347038 0.003831 0.016852
0 0.230646 0.344454 0.003711 0.016794
0 0.233372 0.345102 0.002591 0.014728
0 0.232431 0.346794 0.003457 0.018321
0 0.228279 0.350135 0.003138 0.018429
0 0.230080 0.356764 0.003855 0.018672
0 0.225616 0.359723 0.005239 0.017013
0 0.221605 0.360109 0.003877 0.017265
0 0.206552 0.355317 0.004554 0.018139
0 0.200268 0.355599 0.004082 0.019416
0 0.148191 0.367642 0.004171 0.021360
0 0.135510 0.356426 0.004642 0.017437
0 0.133413 0.358545 0.003785 0.013827
0 0.131628 0.354024 0.004708 0.017845
0 0.130099 0.353481 0.003082 0.015425
0 0.126209 0.353953 0.003265 0.015532
0 0.125747 0.342144 0.002945 0.013395
0 0.123400 0.342151 0.002863 0.015394
0 0.122210 0.347784 0.002407 0.015085
0 0.120895 0.347426 0.004237 0.016079
0 0.095905 0.353427 0.003440 0.011546
0 0.109429 0.351381 0.004721 0.018388
0 0.085844 0.341419 0.002104 0.009701
0 0.089402 0.329246 0.001873 0.008219
0 0.089803 0.340956 0.003110 0.014934
0 0.093184 0.355309 0.002143 0.009220
0 0.208279 0.528909 0.009474 0.036770
0 0.230244 0.537244 0.013959 0.030833
0 0.028625 0.543288 0.024101 0.031489
0 0.584231 0.616250 0.019010 0.084637
0 0.571403 0.646500 0.021075 0.102437
0 0.546031 0.646432 0.019612 0.102645
0 0.534370 0.620103 0.019829 0.098238
0 0.519030 0.619757 0.020872 0.095951
0 0.507876 0.394476 0.008545 0.031954
0 0.532426 0.400575 0.005318 0.038140
0 0.608250 0.382862 0.007814 0.028562
0 0.671227 0.377926 0.004762 0.028556
0 0.676416 0.376034 0.007696 0.031436
0 0.687769 0.377172 0.005653 0.029059
0 0.702248 0.369071 0.006004 0.030391
0 0.708260 0.368556 0.008127 0.030392
0 0.720302 0.339274 0.004726 0.024543
0 0.731642 0.335049 0.005640 0.020515
0 0.740778 0.334716 0.003745 0.011162
0 0.740426 0.339287 0.004001 0.022377
0 0.676915 0.301556 0.002097 0.010198
0 0.626250 0.328695 0.003804 0.018341
0 0.624715 0.312895 0.001411 0.011029
0 0.611555 0.321025 0.002595 0.011824
0 0.602077 0.317724 0.002018 0.006754
0 0.601469 0.315843 0.002535 0.013220
0 0.598625 0.316319 0.003094 0.013327
0 0.579362 0.325063 0.002926 0.016431
0 0.575624 0.326862 0.003222 0.017940
0 0.577892 0.323332 0.002255 0.014852
0 0.572422 0.326958 0.002160 0.016013
0 0.569337 0.328172 0.002064 0.012900
0 0.564557 0.328962 0.003925 0.014024
0 0.565435 0.326028 0.003011 0.016490
0 0.563405 0.324915 0.002559 0.015876
0 0.576092 0.318326 0.003549 0.011780
0 0.522305 0.315472 0.002566 0.009046
0 0.289852 0.630492 0.019161 0.093019
0 0.483449 0.690801 0.017253 0.086856
0 0.488936 0.577594 0.012323 0.050707
0 0.478530 0.579425 0.010147 0.045126
0 0.479232 0.558579 0.018302 0.072024
0 0.461757 0.554695 0.015052 0.079757
0 0.442682 0.559199 0.018271 0.083646
0 0.459591 0.534425 0.012562 0.066988
0 0.447860 0.536000 0.014339 0.068000
0 0.405298 0.504300 0.015699 0.064691
0 0.468972 0.474057 0.013905 0.057199
0 0.566937 0.504255 0.012199 0.073540
0 0.509452 0.743926 0.024870 0.122878
0 0.495169 0.662242 0.019500 0.112522
0 0.853575 0.790114 0.050944 0.128434
0 0.665577 0.724982 0.035787 0.119206
0 0.740506 0.798509 0.035556 0.158146
0 0.771073 0.803078 0.032619 0.158701
