0 0.480293 0.879188 0.028673 0.160520
0 0.672183 0.681776 0.021551 0.119665
0 0.649584 0.675970 0.021015 0.118291
0 0.600935 0.628687 0.023970 0.090906
0 0.561323 0.671228 0.021690 0.113517
0 0.544925 0.670437 0.022682 0.110712
0 0.555530 0.589072 0.016558 0.082793
0 0.604155 0.470632 0.015149 0.043587
0 0.535441 0.468604 0.014407 0.061663
0 0.508420 0.471869 0.010202 0.051967
0 0.515801 0.467147 0.011804 0.055302
0 0.521788 0.430237 0.007475 0.038822
0 0.504817 0.410931 0.005333 0.040044
0 0.521781 0.404347 0.008495 0.038139
0 0.515212 0.402763 0.009920 0.033878
0 0.509417 0.384058 0.006623 0.030444
0 0.565358 0.325970 0.003068 0.016508
0 0.569534 0.328780 0.002430 0.014279
0 0.572086 0.327159 0.002531 0.016445
0 0.574386 0.326329 0.003538 0.016800
0 0.578721 0.324960 0.004291 0.016694
0 0.577855 0.323467 0.002872 0.015400
0 0.590469 0.316547 0.003773 0.012377
0 0.586488 0.303809 0.001893 0.011169
0 0.587108 0.307002 0.001050 0.005576
0 0.598385 0.316034 0.002602 0.012892
0 0.601525 0.315446 0.002459 0.012792
0 0.617294 0.319597 0.002771 0.015732
0 0.640727 0.315136 0.002028 0.013410
0 0.639485 0.330951 0.005067 0.015911
0 0.649152 0.330186 0.003360 0.020198
0 0.641318 0.385405 0.007874 0.030375
0 0.647357 0.384013 0.007829 0.034281
0 0.667036 0.383197 0.006511 0.030330
0 0.680360 0.374631 0.005151 0.032406
0 0.678615 0.373536 0.004513 0.031573
0 0.683823 0.371881 0.005910 0.032972
0 0.690763 0.367850 0.007218 0.027080
0 0.701058 0.370025 0.007596 0.022935
0 0.691873 0.334695 0.002897 0.016853
0 0.693855 0.335068 0.003517 0.018124
0 0.722522 0.334713 0.002474 0.017982
0 0.732495 0.335303 0.004190 0.017566
0 0.734114 0.337107 0.004532 0.020226
0 0.737798 0.337133 0.004725 0.016311
0 0.529394 0.315689 0.002584 0.011164
0 0.590285 0.304997 0.001291 0.007237
0 0.575593 0.326322 0.001617 0.004960
0 0.453766 0.614414 0.019208 0.101812
0 0.464716 0.608930 0.016954 0.094724
0 0.484789 0.566582 0.013482 0.047892
0 0.472435 0.572903 0.016530 0.083910
0 0.458323 0.574862 0.020193 0.077436
0 0.478269 0.546801 0.018268 0.070110
0 0.436239 0.546682 0.018290 0.077638
0 0.208021 0.355512 0.003636 0.019219
0 0.228023 0.350198 0.003855 0.017072
0 0.233316 0.360184 0.004080 0.017543
0 0.233434 0.357884 0.004507 0.015965
0 0.247226 0.360390 0.003817 0.021684
0 0.234131 0.343881 0.002358 0.011746
0 0.177067 0.364756 0.006368 0.017023
0 0.161449 0.362123 0.002887 0.019950
0 0.143812 0.355397 0.003351 0.015716
0 0.129281 0.351167 0.004505 0.015748
0 0.125145 0.352782 0.003944 0.016014
0 0.123019 0.356249 0.003477 0.016692
0 0.120226 0.357201 0.002017 0.011306
0 0.115547 0.373727 0.003453 0.023735
0 0.122273 0.369558 0.005584 0.014807
0 0.112436 0.363499 0.003445 0.020287
0 0.124024 0.340997 0.003122 0.013023
0 0.121693 0.340852 0.002750 0.015002
0 0.119712 0.346136 0.002231 0.015286
0 0.121689 0.345476 0.002556 0.011451
0 0.120863 0.351986 0.002350 0.013373
0 0.109843 0.351644 0.003632 0.017894
0 0.104259 0.354242 0.003363 0.016513
0 0.097504 0.355753 0.003587 0.011581
0 0.094135 0.353396 0.004214 0.016574
0 0.090792 0.357268 0.003192 0.008906
0 0.085502 0.343456 0.002228 0.013656
0 0.088921 0.345187 0.003429 0.013954
0 0.091182 0.338395 0.002597 0.008851
0 0.093944 0.335985 0.001838 0.010442
0 0.095628 0.335170 0.002178 0.010609
0 0.099248 0.332533 0.002510 0.012450
0 0.094786 0.331072 0.001839 0.009153
0 0.092906 0.327124 0.002037 0.008401
0 0.089502 0.328734 0.000953 0.007250
0 0.070954 0.361038 0.003377 0.012602
0 0.043240 0.355004 0.004498 0.019121
0 0.233366 0.348199 0.003737 0.018936
0 0.029159 0.543999 0.024646 0.030978
0 0.230388 0.541122 0.013611 0.038428
0 0.457920 0.429981 0.009112 0.038287
0 0.452519 0.437057 0.007269 0.025764
0 0.447684 0.430066 0.006337 0.040161
0 0.270063 0.354457 0.005727 0.017900
0 0.256331 0.356703 0.006456 0.018255
0 0.346065 0.376302 0.006245 0.030135
0 0.351058 0.376825 0.004330 0.029196
0 0.372249 0.374307 0.004419 0.025555
0 0.375264 0.378677 0.004166 0.017454
0 0.378736 0.373124 0.005022 0.026446
0 0.380612 0.381042 0.005577 0.027591
0 0.380752 0.372268 0.004443 0.025513
0 0.383903 0.379511 0.004605 0.028819
0 0.387388 0.382324 0.004995 0.030572
0 0.390986 0.384288 0.006300 0.030855
0 0.394181 0.372203 0.005921 0.022839
0 0.399092 0.375695 0.005292 0.029461
0 0.401581 0.389300 0.007791 0.027073
0 0.394581 0.396114 0.004979 0.033502
0 0.398767 0.395944 0.007481 0.031554
0 0.406115 0.366459 0.004724 0.025084
0 0.410291 0.368707 0.005102 0.024955
0 0.408700 0.379453 0.007178 0.024782
0 0.413662 0.384141 0.006087 0.025537
0 0.415198 0.386359 0.004566 0.025089
0 0.411203 0.391862 0.006504 0.030829
0 0.413959 0.389899 0.004653 0.019807
0 0.415029 0.401799 0.007271 0.027320
0 0.419466 0.401946 0.007705 0.038108
0 0.424618 0.394247 0.010448 0.029917
0 0.421269 0.382751 0.007306 0.027641
0 0.424117 0.377154 0.007082 0.022317
0 0.424240 0.366019 0.006706 0.020620
0 0.431096 0.374610 0.004848 0.024061
0 0.434349 0.373528 0.004601 0.026358
0 0.438246 0.375049 0.004067 0.025200
0 0.439583 0.376072 0.003508 0.021150
0 0.441418 0.379551 0.004661 0.027229
0 0.444736 0.374661 0.004518 0.023109
0 0.435296 0.384815 0.006146 0.028825
0 0.444950 0.384965 0.004593 0.029127
0 0.435134 0.392572 0.005830 0.033500
0 0.440768 0.385841 0.004763 0.024546
0 0.441742 0.390573 0.008801 0.030402
0 0.438659 0.399325 0.007930 0.038505
0 0.450164 0.393255 0.007649 0.031879
0 0.452356 0.389233 0.006798 0.032486
0 0.461354 0.388441 0.005207 0.027569
0 0.465791 0.390035 0.006314 0.031925
0 0.478393 0.390910 0.006839 0.028237
0 0.481159 0.390113 0.007394 0.028306
0 0.483468 0.386563 0.007114 0.030543
0 0.493088 0.387799 0.006655 0.030459
0 0.496631 0.389808 0.005546 0.022595
0 0.496996 0.380402 0.004668 0.030601
0 0.461570 0.340368 0.001869 0.013022
0 0.461877 0.337329 0.002847 0.017402
0 0.467834 0.332974 0.003502 0.016842
0 0.473198 0.339567 0.005676 0.014906
0 0.472937 0.336824 0.001953 0.009004
0 0.475779 0.338166 0.004531 0.016559
0 0.472512 0.332056 0.002298 0.014119
0 0.477010 0.335876 0.002788 0.015751
0 0.478586 0.336744 0.003721 0.017046
0 0.481078 0.337159 0.002373 0.016794
0 0.482875 0.337379 0.003123 0.017120
0 0.484164 0.337156 0.003936 0.017155
0 0.487267 0.336220 0.002951 0.018276
0 0.488593 0.335403 0.003713 0.019770
0 0.492661 0.334941 0.003324 0.019294
0 0.493478 0.336587 0.002353 0.016735
0 0.495769 0.336660 0.002737 0.016865
0 0.496330 0.336836 0.002770 0.018865
0 0.497851 0.336776 0.002311 0.016806
0 0.476843 0.340001 0.003093 0.009938
0 0.471710 0.336168 0.004062 0.014358
0 0.405404 0.391614 0.006700 0.027029
0 0.442513 0.489034 0.014367 0.064785
0 0.454776 0.506005 0.011991 0.037859
0 0.466374 0.496484 0.015029 0.064754
0 0.491231 0.482256 0.013317 0.047552
0 0.499872 0.461372 0.012994 0.055513
0 0.097475 0.724563 0.046040 0.116284
0 0.248784 0.356028 0.002922 0.014186
0 0.509854 0.795766 0.023340 0.109150
0 0.533458 0.746888 0.028866 0.133425
0 0.578189 0.717958 0.023496 0.118398
0 0.550494 0.719016 0.023099 0.118547
