0 0.244529 0.348724 0.005185 0.016651
0 0.244439 0.346927 0.003243 0.015690
0 0.241490 0.346967 0.003334 0.019556
0 0.234182 0.354333 0.004267 0.017647
0 0.232468 0.354560 0.003929 0.017548
0 0.229059 0.355829 0.003722 0.017502
0 0.224300 0.357341 0.003826 0.017578
0 0.221266 0.363283 0.003822 0.021079
0 0.218187 0.359306 0.002653 0.015378
0 0.199961 0.361775 0.005560 0.017411
0 0.200827 0.355495 0.004163 0.017277
0 0.150016 0.361646 0.003330 0.020417
0 0.146048 0.363190 0.006599 0.020956
0 0.130065 0.355524 0.003461 0.017042
0 0.128185 0.352724 0.005229 0.020721
0 0.126734 0.354245 0.003193 0.017607
0 0.123730 0.356575 0.003040 0.017080
0 0.121882 0.354648 0.003921 0.012494
0 0.130474 0.346384 0.003186 0.014753
0 0.128404 0.347039 0.003183 0.019078
0 0.110711 0.355865 0.003785 0.017094
0 0.106498 0.360265 0.003449 0.017903
0 0.094935 0.356705 0.004598 0.018816
0 0.095928 0.350697 0.004550 0.016207
0 0.093398 0.336175 0.002272 0.009455
0 0.129080 0.434426 0.010330 0.028463
0 0.168940 0.426734 0.007545 0.025483
0 0.088658 0.440545 0.009832 0.036500
0 0.109487 0.341037 0.002737 0.013425
0 0.088168 0.336868 0.001544 0.011748
0 0.093812 0.348591 0.002731 0.013869
0 0.214336 0.538688 0.008886 0.024125
0 0.028836 0.542598 0.024222 0.030533
0 0.228240 0.537586 0.015818 0.032595
0 0.482041 0.337612 0.003555 0.015932
0 0.481883 0.335699 0.004790 0.017619
0 0.474253 0.340749 0.002437 0.013535
0 0.473512 0.339009 0.005120 0.018730
0 0.473958 0.333975 0.001809 0.007075
0 0.448077 0.339631 0.002912 0.015167
0 0.448212 0.341966 0.005239 0.015558
0 0.465589 0.449585 0.010155 0.041738
0 0.453163 0.425200 0.009583 0.049058
0 0.439415 0.430553 0.008380 0.041454
0 0.436228 0.404793 0.005240 0.033982
0 0.449158 0.403183 0.006485 0.033313
0 0.417719 0.385293 0.005693 0.030269
0 0.406512 0.373851 0.005400 0.027086
0 0.396702 0.387302 0.006084 0.027568
0 0.398246 0.374770 0.005091 0.024453
0 0.390305 0.369972 0.004751 0.026312
0 0.386675 0.370491 0.004929 0.025779
0 0.380563 0.371949 0.004540 0.024437
0 0.377655 0.372278 0.003819 0.026226
0 0.372370 0.373426 0.004798 0.025197
0 0.353275 0.375534 0.006167 0.027714
0 0.339069 0.351586 0.005932 0.016703
0 0.332069 0.360079 0.003936 0.020981
0 0.325608 0.360613 0.002874 0.018853
0 0.321391 0.361305 0.004677 0.022182
0 0.269066 0.355656 0.005644 0.019396
0 0.259674 0.347210 0.003281 0.017032
0 0.257570 0.359714 0.003981 0.022979
0 0.347079 0.351392 0.005843 0.015140
0 0.459811 0.354277 0.004395 0.012702
0 0.493448 0.343199 0.004250 0.012958
0 0.535417 0.402822 0.011823 0.037726
0 0.531058 0.392450 0.006416 0.031009
0 0.515374 0.390244 0.005127 0.032306
0 0.538714 0.389273 0.005210 0.035539
0 0.535928 0.383238 0.005505 0.031855
0 0.617837 0.397593 0.007466 0.037880
0 0.604025 0.399788 0.006211 0.035903
0 0.601717 0.397835 0.007044 0.037564
0 0.594409 0.392634 0.006317 0.036379
0 0.586956 0.394947 0.003954 0.033773
0 0.583161 0.394665 0.007324 0.037854
0 0.577383 0.402174 0.006768 0.022029
0 0.572127 0.393219 0.006206 0.039630
0 0.571204 0.393526 0.008866 0.033972
0 0.723333 0.368837 0.005829 0.031450
0 0.717661 0.367020 0.004972 0.028060
0 0.713777 0.367739 0.005625 0.030069
0 0.705972 0.369571 0.006170 0.026378
0 0.706676 0.368293 0.005907 0.029074
0 0.708937 0.365235 0.004523 0.025620
0 0.697400 0.369916 0.005239 0.027074
0 0.699510 0.365727 0.004035 0.024778
0 0.692784 0.362258 0.003765 0.016625
0 0.694854 0.364502 0.004440 0.026907
0 0.687330 0.357616 0.004404 0.013048
0 0.688033 0.363290 0.005810 0.027414
0 0.682976 0.365210 0.004307 0.024331
0 0.679998 0.364422 0.004463 0.025748
0 0.678174 0.361826 0.003494 0.028759
0 0.670452 0.360116 0.004659 0.026222
0 0.668317 0.360932 0.003850 0.021934
0 0.665645 0.365635 0.003860 0.014052
0 0.665262 0.359815 0.004316 0.025520
0 0.738486 0.352579 0.004780 0.023942
0 0.602134 0.309602 0.002270 0.010747
0 0.606730 0.307160 0.001977 0.010137
0 0.609987 0.305641 0.001859 0.010026
0 0.523384 0.313398 0.001652 0.008471
0 0.522173 0.313432 0.001484 0.008022
0 0.521130 0.313906 0.001622 0.007779
0 0.692464 0.326443 0.002569 0.008365
0 0.708123 0.354952 0.004733 0.028720
0 0.590652 0.304990 0.001410 0.007262
0 0.513317 0.626979 0.021855 0.093179
0 0.987653 0.639880 0.031507 0.107439
0 0.857219 1.000000 0.037816 0.209686
0 0.498158 0.454240 0.009144 0.043223
0 0.610588 0.535292 0.011588 0.067696
0 0.527975 0.526020 0.015567 0.068242
0 0.544179 0.526185 0.014870 0.062520
0 0.764134 0.999183 0.056676 0.232880
0 0.481616 0.512631 0.013796 0.063621
0 0.455148 0.521283 0.015428 0.071548
0 0.443682 0.525181 0.011405 0.068017
0 0.444256 0.481554 0.011418 0.048450
0 0.431337 0.483594 0.010706 0.057075
0 0.404746 0.500519 0.008987 0.056476
0 0.400585 0.499860 0.017237 0.065045
0 0.570585 0.714212 0.032214 0.114188
0 0.090819 0.333218 0.001932 0.009656
0 0.094827 0.334835 0.002775 0.012504
0 0.092553 0.327232 0.001771 0.008662
0 0.096815 0.332459 0.001965 0.009779
0 0.097547 0.330413 0.001807 0.009409
0 0.095762 0.328948 0.001609 0.007699
0 0.094474 0.327832 0.001344 0.007606
0 0.096793 0.329036 0.001934 0.009260
0 0.097786 0.333198 0.002258 0.011740
0 0.094794 0.333949 0.002823 0.011088
0 0.092665 0.329891 0.002487 0.010526
