0 0.765881 0.619278 0.018720 0.097927
0 0.537627 0.636758 0.020466 0.097196
0 0.558774 0.612837 0.017098 0.092124
0 0.571865 0.624026 0.015898 0.062368
0 0.582314 0.608306 0.017598 0.090210
0 0.597748 0.584789 0.015956 0.083124
0 0.632345 0.608310 0.016665 0.097609
0 0.641686 0.629227 0.018189 0.089681
0 0.490300 0.588518 0.018271 0.097691
0 0.229853 0.346397 0.003412 0.016633
0 0.228345 0.350203 0.003030 0.016949
0 0.224855 0.353632 0.005015 0.020705
0 0.209636 0.353816 0.003971 0.017808
0 0.204591 0.353640 0.003539 0.019860
0 0.205858 0.356248 0.004083 0.017822
0 0.194251 0.363920 0.003540 0.020168
0 0.136690 0.368779 0.005074 0.021209
0 0.132985 0.368574 0.002740 0.012698
0 0.133755 0.372989 0.003290 0.012396
0 0.132726 0.350953 0.004067 0.015532
0 0.123853 0.349271 0.003468 0.016661
0 0.120438 0.350426 0.003239 0.014906
0 0.121361 0.340733 0.002684 0.012956
0 0.119351 0.339845 0.001730 0.012668
0 0.109020 0.352076 0.003970 0.018314
0 0.097607 0.337377 0.002219 0.011730
0 0.093576 0.336081 0.002146 0.011902
0 0.090557 0.335222 0.002890 0.012241
0 0.091184 0.339349 0.003238 0.013711
0 0.092020 0.346679 0.002598 0.016445
0 0.092896 0.347225 0.004599 0.015172
0 0.089608 0.347206 0.003085 0.017350
0 0.087480 0.348563 0.003214 0.014764
0 0.085772 0.343780 0.002175 0.013969
0 0.089534 0.332221 0.001619 0.008753
0 0.088339 0.328674 0.001114 0.006407
0 0.087928 0.320273 0.000951 0.007737
0 0.090209 0.365391 0.003768 0.019613
0 0.020650 0.383097 0.008324 0.024138
0 0.048368 0.373057 0.006096 0.022874
0 0.159521 0.409175 0.006525 0.017871
0 0.098018 0.338089 0.002679 0.009292
0 0.013204 0.650415 0.025610 0.094422
0 0.028381 0.544234 0.023903 0.030240
0 0.216395 0.529712 0.009711 0.036544
0 0.481321 0.475054 0.006834 0.034684
0 0.480770 0.463361 0.010355 0.053108
0 0.457861 0.471486 0.009267 0.055916
0 0.449396 0.457221 0.009443 0.053182
0 0.438961 0.456394 0.009582 0.054080
0 0.431693 0.472630 0.009414 0.052772
0 0.424396 0.470485 0.010694 0.057793
0 0.429478 0.451698 0.014422 0.046656
0 0.433033 0.437422 0.008808 0.042602
0 0.426924 0.430666 0.008699 0.036781
0 0.405295 0.459163 0.009314 0.049776
0 0.394540 0.461872 0.010670 0.048348
0 0.476820 0.395518 0.007297 0.032999
0 0.468959 0.389734 0.004726 0.035074
0 0.462989 0.401176 0.005393 0.019143
0 0.461622 0.397750 0.006649 0.028923
0 0.451457 0.404808 0.009496 0.031465
0 0.451330 0.406121 0.004200 0.015200
0 0.445246 0.396294 0.005272 0.036865
0 0.441445 0.400757 0.005985 0.030807
0 0.434478 0.405076 0.006172 0.035223
0 0.429511 0.406135 0.007228 0.032522
0 0.424773 0.401006 0.004941 0.030910
0 0.420809 0.402900 0.009005 0.033728
0 0.409041 0.367353 0.006774 0.023909
0 0.419153 0.366846 0.005101 0.025528
0 0.396224 0.369556 0.006717 0.024127
0 0.390110 0.370479 0.006450 0.025284
0 0.386648 0.367902 0.005121 0.024369
0 0.380628 0.372787 0.005950 0.024751
0 0.372967 0.370008 0.004592 0.024638
0 0.498343 0.324846 0.002561 0.011567
0 0.493332 0.336120 0.002623 0.016274
0 0.492537 0.334980 0.003959 0.019317
0 0.487612 0.337484 0.003935 0.017151
0 0.488011 0.334814 0.003563 0.020530
0 0.486761 0.336080 0.002743 0.019170
0 0.483405 0.337339 0.002993 0.016982
0 0.481237 0.337149 0.002787 0.016667
0 0.479460 0.337631 0.003346 0.015248
0 0.478895 0.335971 0.001963 0.015468
0 0.477663 0.333887 0.002489 0.015160
0 0.475322 0.339611 0.004427 0.017571
0 0.472256 0.338934 0.004238 0.018267
0 0.474766 0.337424 0.004382 0.014621
0 0.470595 0.337690 0.002192 0.010357
0 0.472734 0.330763 0.002559 0.011015
0 0.427256 0.343543 0.004327 0.016677
0 0.384064 0.349418 0.003528 0.018232
0 0.373857 0.348556 0.003348 0.018845
0 0.371389 0.350281 0.005540 0.019082
0 0.353053 0.349610 0.002821 0.017156
0 0.269017 0.357013 0.002862 0.014101
0 0.254705 0.354373 0.005732 0.018032
0 0.377734 0.370166 0.004969 0.020390
0 0.674308 0.469735 0.016999 0.046433
0 0.628403 0.469914 0.012535 0.044288
0 0.532792 0.463366 0.009084 0.045258
0 0.541508 0.462572 0.009592 0.045275
0 0.528722 0.435319 0.009070 0.039919
0 0.521056 0.439395 0.005615 0.027618
0 0.517148 0.436303 0.007782 0.024119
0 0.514656 0.425695 0.012423 0.040535
0 0.510965 0.397158 0.008008 0.033691
0 0.506307 0.394552 0.006223 0.033683
0 0.512465 0.391306 0.007383 0.031632
0 0.515616 0.389119 0.005599 0.031020
0 0.514641 0.380637 0.004907 0.015376
0 0.523724 0.389796 0.004689 0.033120
0 0.530305 0.385165 0.005004 0.035460
0 0.529232 0.393922 0.006347 0.034336
0 0.532865 0.392840 0.006475 0.037742
0 0.535717 0.389794 0.005615 0.029815
0 0.539290 0.389262 0.008348 0.033396
0 0.565983 0.400019 0.007656 0.039176
0 0.572789 0.401980 0.007213 0.038586
0 0.581365 0.396606 0.006984 0.034047
0 0.628026 0.393010 0.007528 0.031003
0 0.658281 0.381160 0.005768 0.028705
0 0.662676 0.379988 0.005734 0.032466
0 0.719286 0.363091 0.005280 0.025271
0 0.742306 0.360866 0.007506 0.024492
0 0.746995 0.360290 0.003965 0.023073
0 0.697900 0.329751 0.004314 0.016728
0 0.693541 0.330742 0.002813 0.010673
0 0.692906 0.331253 0.005397 0.018200
0 0.669958 0.332798 0.005318 0.017231
0 0.656002 0.334688 0.005702 0.015574
0 0.654069 0.323593 0.003310 0.011014
0 0.645923 0.329340 0.003489 0.016672
0 0.637820 0.326210 0.005391 0.013995
0 0.631090 0.325717 0.002750 0.010382
0 0.631229 0.328092 0.003757 0.016984
0 0.645285 0.315471 0.002457 0.015084
0 0.621221 0.317491 0.002605 0.015723
0 0.605241 0.317768 0.002718 0.015291
0 0.596172 0.317405 0.002306 0.012562
0 0.611468 0.310490 0.001717 0.012701
0 0.615991 0.301940 0.001647 0.008053
0 0.586498 0.303556 0.001734 0.011779
0 0.587601 0.306130 0.001077 0.005728
0 0.584176 0.306368 0.001756 0.009482
0 0.566124 0.306959 0.001471 0.010210
0 0.539830 0.317887 0.001949 0.006740
0 0.537746 0.317061 0.002921 0.013012
0 0.532907 0.315406 0.001947 0.011442
0 0.515751 0.315322 0.002349 0.011679
0 0.654451 0.327057 0.003423 0.018122
0 0.531482 0.867958 0.034066 0.186037
0 0.566744 0.813520 0.023918 0.084252
0 0.502628 0.404436 0.007904 0.013484
0 0.506292 0.394735 0.006160 0.033453
0 0.501521 0.392449 0.005658 0.037433
0 0.071131 0.481638 0.012914 0.058043
0 0.250959 0.347831 0.002708 0.015854
0 0.550535 0.780102 0.019076 0.151786
0 0.565941 0.813343 0.021497 0.084569
0 0.585571 0.798505 0.025906 0.152642
0 0.591572 0.481488 0.009954 0.053445
0 0.585351 0.478555 0.012683 0.058427
0 0.561594 0.484711 0.013941 0.057038
0 0.543012 0.485333 0.009766 0.061049
0 0.539031 0.487135 0.014535 0.061046
0 0.521505 0.483476 0.011257 0.063413
0 0.508435 0.495475 0.012094 0.064751
0 0.498410 0.500889 0.009446 0.056195
0 0.488515 0.492118 0.009189 0.050927
0 0.497402 0.476636 0.013143 0.048253
0 0.481232 0.475146 0.006721 0.034718
0 0.478727 0.476806 0.015083 0.052166
0 0.466438 0.474436 0.010562 0.052297
