0 0.222009 0.449159 0.009793 0.031772
0 0.167648 0.423875 0.009613 0.023264
0 0.119634 0.440265 0.010029 0.028739
0 0.129420 0.439711 0.011583 0.025727
0 0.117749 0.432963 0.009139 0.025223
0 0.105058 0.433675 0.007615 0.024813
0 0.088363 0.437544 0.008676 0.034450
0 0.070751 0.431370 0.004895 0.022651
0 0.228178 0.358603 0.004557 0.017044
0 0.226552 0.356055 0.003612 0.018095
0 0.224661 0.351880 0.004729 0.016437
0 0.222445 0.362180 0.003731 0.021999
0 0.221979 0.361909 0.004792 0.023293
0 0.218002 0.356328 0.003318 0.018831
0 0.216882 0.357032 0.003321 0.017511
0 0.210863 0.356423 0.004991 0.021558
0 0.214460 0.357475 0.003888 0.018487
0 0.207972 0.355015 0.003582 0.018613
0 0.208575 0.353665 0.005402 0.018216
0 0.186016 0.350846 0.002979 0.015316
0 0.186515 0.354085 0.003623 0.014769
0 0.177765 0.354496 0.004943 0.018753
0 0.170505 0.368220 0.006269 0.021453
0 0.152711 0.367893 0.004049 0.017796
0 0.143733 0.367940 0.003876 0.019908
0 0.129885 0.346773 0.003562 0.015946
0 0.123002 0.355522 0.003578 0.016852
0 0.118521 0.358861 0.004206 0.021413
0 0.111836 0.370853 0.004839 0.022561
0 0.109594 0.364752 0.004155 0.019634
0 0.111551 0.354021 0.002898 0.009565
0 0.228395 0.349134 0.003177 0.016411
0 0.042925 0.354129 0.004031 0.016677
0 0.072708 0.358252 0.004884 0.019812
0 0.028540 0.544407 0.024034 0.029671
0 0.214265 0.544193 0.006085 0.034361
0 0.231211 0.541795 0.012576 0.038570
0 0.222982 0.657264 0.031756 0.084408
0 0.260059 0.348553 0.003297 0.016074
0 0.273243 0.360259 0.003093 0.016192
0 0.342124 0.351979 0.002984 0.015505
0 0.343371 0.353477 0.003283 0.012420
0 0.346053 0.354398 0.006286 0.020680
0 0.347979 0.351609 0.002549 0.015091
0 0.349229 0.352397 0.003462 0.009887
0 0.351187 0.354992 0.003988 0.022295
0 0.355670 0.348753 0.003247 0.018372
0 0.356224 0.350251 0.003139 0.017309
0 0.359099 0.350519 0.002709 0.019904
0 0.360913 0.352467 0.002871 0.019940
0 0.361555 0.353204 0.002923 0.018515
0 0.362703 0.355170 0.004300 0.017381
0 0.363749 0.355525 0.002648 0.017361
0 0.370850 0.351257 0.003346 0.021322
0 0.378514 0.329255 0.003681 0.012912
0 0.374022 0.352517 0.005947 0.019817
0 0.377396 0.351986 0.006136 0.021441
0 0.386555 0.346243 0.004757 0.017693
0 0.392026 0.352362 0.005487 0.019670
0 0.395251 0.352910 0.006398 0.019628
0 0.409551 0.352848 0.006265 0.018928
0 0.452305 0.340368 0.004031 0.015133
0 0.470381 0.336714 0.004278 0.019391
0 0.471418 0.339645 0.003279 0.006763
0 0.474588 0.339800 0.004016 0.018666
0 0.476176 0.338451 0.003186 0.021881
0 0.477693 0.338822 0.003014 0.020751
0 0.479630 0.339644 0.002472 0.018356
0 0.478464 0.341385 0.005612 0.016624
0 0.482810 0.338007 0.004504 0.019299
0 0.487056 0.336092 0.005194 0.017838
0 0.495926 0.342212 0.004731 0.016860
0 0.372919 0.373888 0.004048 0.024677
0 0.378294 0.371869 0.004176 0.025975
0 0.392442 0.378060 0.005349 0.026666
0 0.391946 0.380514 0.008135 0.029752
0 0.399876 0.377285 0.004858 0.028063
0 0.417816 0.393955 0.006806 0.032024
0 0.419094 0.399958 0.006722 0.034790
0 0.425173 0.398719 0.006038 0.031402
0 0.434077 0.381070 0.007077 0.025787
0 0.441657 0.390553 0.007111 0.027932
0 0.432237 0.398002 0.006396 0.033008
0 0.437468 0.398626 0.006177 0.031724
0 0.416352 0.430113 0.007208 0.039915
0 0.421892 0.429190 0.006385 0.041539
0 0.412189 0.447773 0.010027 0.043892
0 0.421786 0.448703 0.009425 0.041876
0 0.433008 0.457630 0.008967 0.048212
0 0.442805 0.453042 0.013659 0.049963
0 0.449550 0.425482 0.007573 0.037931
0 0.446140 0.434519 0.009662 0.038472
0 0.452693 0.439399 0.006582 0.031272
0 0.412342 0.460347 0.009654 0.046022
0 0.483971 0.400856 0.006103 0.036481
0 0.474347 0.407105 0.006202 0.036813
0 0.484510 0.414406 0.006141 0.034580
0 0.484816 0.424767 0.006595 0.038957
0 0.473027 0.432652 0.007973 0.040189
0 0.480512 0.432170 0.006987 0.039336
0 0.486513 0.430990 0.007174 0.041345
0 0.491833 0.424915 0.005776 0.022960
0 0.448020 0.310567 0.001731 0.007977
0 0.455399 0.547292 0.015693 0.077445
0 0.522208 0.425927 0.007432 0.044008
0 0.515876 0.404495 0.004837 0.021965
0 0.512619 0.397855 0.005699 0.036098
0 0.521647 0.388873 0.007663 0.031415
0 0.527110 0.387226 0.005848 0.035219
0 0.565483 0.416412 0.006497 0.041314
0 0.567386 0.391409 0.006429 0.036626
0 0.571561 0.393264 0.006429 0.040142
0 0.576919 0.402648 0.006484 0.022156
0 0.582166 0.394933 0.006868 0.038172
0 0.587853 0.401963 0.009890 0.039153
0 0.591067 0.403568 0.006099 0.036919
0 0.597008 0.368048 0.007383 0.023144
0 0.510363 0.315464 0.002202 0.011826
0 0.512333 0.315877 0.002017 0.011414
0 0.510427 0.317562 0.003117 0.008521
0 0.514443 0.314996 0.001970 0.013176
0 0.522952 0.314907 0.001841 0.009349
0 0.525055 0.316203 0.002645 0.013081
0 0.522928 0.316859 0.002104 0.011658
0 0.526331 0.316172 0.003032 0.012208
0 0.528304 0.315375 0.002243 0.011823
0 0.530009 0.315858 0.002141 0.010911
0 0.539164 0.317884 0.003089 0.013235
0 0.563724 0.315234 0.001968 0.013122
0 0.565436 0.315951 0.001968 0.012597
0 0.567424 0.313107 0.002244 0.012336
0 0.567080 0.313921 0.002539 0.012387
0 0.567237 0.315758 0.001909 0.012842
0 0.564625 0.328108 0.004210 0.015954
0 0.585098 0.314890 0.001762 0.013679
0 0.582941 0.316248 0.003380 0.012880
0 0.584352 0.315872 0.002967 0.012354
0 0.586491 0.316872 0.002391 0.012848
0 0.594900 0.316340 0.001643 0.012294
0 0.600865 0.316244 0.001999 0.010074
0 0.602761 0.312922 0.002958 0.009846
0 0.603797 0.313692 0.002242 0.012860
0 0.619400 0.315921 0.004261 0.012416
0 0.678520 0.331509 0.002864 0.015460
0 0.649576 0.362242 0.005941 0.025199
0 0.665836 0.361462 0.004814 0.028400
0 0.666673 0.367409 0.003277 0.016142
0 0.672606 0.361323 0.004613 0.027490
0 0.676100 0.365036 0.004962 0.031245
0 0.679752 0.361744 0.003739 0.030252
0 0.682129 0.366589 0.004857 0.025903
0 0.686427 0.366185 0.004019 0.030189
0 0.685239 0.367365 0.005906 0.029941
0 0.691634 0.364073 0.005137 0.031432
0 0.692717 0.362178 0.003949 0.016461
0 0.694359 0.366403 0.004997 0.030003
0 0.699636 0.366993 0.003809 0.028450
0 0.696876 0.369105 0.004997 0.026462
0 0.706451 0.365502 0.004368 0.023605
0 0.706031 0.369353 0.006115 0.027084
0 0.709019 0.365502 0.004543 0.026711
0 0.714348 0.368018 0.005067 0.029755
0 0.718472 0.368860 0.005137 0.025212
0 0.723046 0.368659 0.005270 0.031577
0 0.698759 0.306648 0.002409 0.009836
0 0.701859 0.306913 0.002337 0.011564
0 0.718470 0.672052 0.019769 0.110244
0 0.801153 0.567991 0.013896 0.073692
0 0.404604 0.491061 0.012763 0.058383
0 0.425272 0.499283 0.008755 0.058715
0 0.439942 0.496690 0.010460 0.060095
0 0.504598 0.458648 0.009895 0.045587
0 0.245923 0.425943 0.008260 0.016722
0 0.250569 0.359420 0.005737 0.020064
0 0.484771 0.484492 0.011583 0.056733
0 0.491441 0.484967 0.008779 0.050422
0 0.476547 0.538334 0.016373 0.090139
0 0.491057 0.858511 0.038599 0.170932
0 0.498036 0.871717 0.023728 0.155263
0 0.087925 0.329028 0.001655 0.009249
0 0.089503 0.335056 0.002802 0.012629
0 0.087289 0.343861 0.003316 0.014089
0 0.099926 0.334868 0.002235 0.011976
0 0.097757 0.335117 0.002218 0.011773
0 0.095630 0.333174 0.002157 0.010280
0 0.094743 0.332623 0.000939 0.008534
0 0.092839 0.333274 0.001783 0.008733
0 0.097607 0.332148 0.002549 0.012724
0 0.094935 0.330372 0.002019 0.010331
0 0.253377 0.360077 0.001784 0.007951
0 0.256299 0.359727 0.004138 0.022063
0 0.257577 0.359307 0.003849 0.021087
0 0.265553 0.354064 0.002488 0.011965
0 0.260478 0.352436 0.002422 0.011317
0 0.014904 0.450905 0.014084 0.040071
0 0.040061 0.443750 0.013268 0.035570
0 0.050945 0.372673 0.003858 0.018833
0 0.046095 0.369600 0.004053 0.019078
0 0.043833 0.373214 0.004174 0.019185
0 0.334516 0.355483 0.004009 0.020013
0 0.326684 0.359504 0.003164 0.020185
0 0.323321 0.361814 0.003885 0.019012
0 0.504906 0.339777 0.005332 0.017781
0 0.535593 0.436077 0.007715 0.042681
