0 0.170982 0.457550 0.016345 0.048587
0 0.245472 0.354415 0.004416 0.020835
0 0.242741 0.355698 0.004868 0.018745
0 0.187062 0.356581 0.003580 0.013266
0 0.135599 0.367365 0.005006 0.020705
0 0.125007 0.356566 0.003721 0.013967
0 0.128448 0.349171 0.003515 0.016605
0 0.131548 0.350523 0.004247 0.016637
0 0.121639 0.342097 0.003211 0.015048
0 0.121188 0.344924 0.004458 0.016377
0 0.118404 0.342597 0.002832 0.014960
0 0.110044 0.351053 0.003020 0.017838
0 0.104641 0.355382 0.005096 0.018982
0 0.229649 0.539917 0.014751 0.036657
0 0.212138 0.530092 0.008562 0.029451
0 0.031105 0.542192 0.020128 0.027812
0 0.290202 0.453001 0.012746 0.046520
0 0.379889 0.465859 0.012538 0.047579
0 0.399196 0.445348 0.011606 0.045743
0 0.412235 0.446166 0.009670 0.045846
0 0.414258 0.468095 0.009351 0.053768
0 0.424071 0.467814 0.012227 0.050004
0 0.423493 0.451313 0.007796 0.029787
0 0.430560 0.452973 0.008748 0.045926
0 0.442578 0.447209 0.010012 0.041031
0 0.464911 0.458350 0.012318 0.047696
0 0.477218 0.444037 0.008426 0.044096
0 0.466794 0.411176 0.010603 0.035411
0 0.454767 0.413219 0.008355 0.031892
0 0.437605 0.391696 0.006603 0.030804
0 0.442738 0.388561 0.006882 0.034205
0 0.439316 0.385604 0.005606 0.034297
0 0.439676 0.366523 0.005970 0.019817
0 0.431586 0.383901 0.005413 0.029561
0 0.426898 0.369257 0.003423 0.018768
0 0.423539 0.370703 0.004407 0.026457
0 0.420426 0.371318 0.004732 0.026090
0 0.417043 0.370256 0.004269 0.026235
0 0.415339 0.371965 0.005468 0.024726
0 0.411785 0.369399 0.005172 0.026435
0 0.408925 0.369054 0.004638 0.023808
0 0.406800 0.369708 0.006206 0.025340
0 0.398108 0.372448 0.006078 0.026402
0 0.395343 0.375911 0.003782 0.018790
0 0.393533 0.371071 0.004170 0.026273
0 0.395032 0.365476 0.003538 0.023155
0 0.390730 0.373706 0.005315 0.025834
0 0.388381 0.374051 0.003996 0.017085
0 0.386473 0.374658 0.006494 0.026735
0 0.381854 0.372268 0.005200 0.027053
0 0.377487 0.370572 0.004355 0.025609
0 0.376423 0.372204 0.003941 0.026528
0 0.373329 0.373789 0.006358 0.024551
0 0.366540 0.370953 0.003573 0.023580
0 0.364604 0.373488 0.005754 0.021649
0 0.359736 0.368489 0.004235 0.023285
0 0.361053 0.378738 0.006136 0.020563
0 0.351968 0.375498 0.007123 0.027807
0 0.347479 0.375846 0.005657 0.029798
0 0.351290 0.351264 0.003694 0.018273
0 0.341868 0.354336 0.004511 0.018287
0 0.343807 0.362815 0.005479 0.022775
0 0.337901 0.360599 0.004892 0.020387
0 0.332039 0.361131 0.004358 0.020086
0 0.497342 0.336899 0.002693 0.017195
0 0.495895 0.336741 0.002596 0.017078
0 0.493717 0.335851 0.003531 0.017498
0 0.491689 0.336645 0.002927 0.015444
0 0.488964 0.336526 0.004542 0.017944
0 0.488493 0.335024 0.003910 0.020768
0 0.484467 0.337148 0.002735 0.017228
0 0.483384 0.337230 0.002109 0.016976
0 0.481945 0.337273 0.002668 0.016702
0 0.480007 0.338429 0.003082 0.016433
0 0.479020 0.336835 0.002602 0.017177
0 0.472697 0.334325 0.002332 0.015605
0 0.469933 0.333664 0.002620 0.017704
0 0.467595 0.338789 0.002867 0.012922
0 0.476529 0.339945 0.002726 0.010014
0 0.475412 0.337354 0.005408 0.015165
0 0.472696 0.337305 0.002341 0.009660
0 0.473253 0.339777 0.006242 0.014677
0 0.393946 0.316307 0.002036 0.008473
0 0.413577 0.336539 0.003536 0.007850
0 0.383702 0.328154 0.003599 0.009075
0 0.452562 0.649607 0.023612 0.105091
0 0.466273 0.662996 0.014691 0.062583
0 0.465173 0.913047 0.027799 0.172567
0 0.513428 0.435613 0.008381 0.043046
0 0.506274 0.436497 0.008691 0.042139
0 0.505272 0.418627 0.008821 0.036915
0 0.627995 0.379097 0.007795 0.024169
0 0.633837 0.364616 0.008164 0.022776
0 0.657053 0.377269 0.006040 0.027517
0 0.652603 0.373617 0.007220 0.028485
0 0.656156 0.358284 0.007524 0.016618
0 0.675724 0.370148 0.004639 0.028397
0 0.680496 0.364741 0.007819 0.024958
0 0.672093 0.353166 0.006996 0.018974
0 0.692358 0.367559 0.008350 0.027901
0 0.700355 0.366419 0.008535 0.026482
0 0.709135 0.367210 0.004896 0.029642
0 0.710277 0.366674 0.007819 0.031382
0 0.714341 0.366637 0.005549 0.030026
0 0.728414 0.369186 0.006118 0.027380
0 0.733298 0.371344 0.006898 0.026396
0 0.737880 0.369329 0.006346 0.028439
0 0.734704 0.336722 0.005024 0.019767
0 0.692580 0.336824 0.004280 0.015685
0 0.695203 0.329246 0.003716 0.016022
0 0.692613 0.329437 0.003302 0.015939
0 0.682104 0.331866 0.003284 0.017768
0 0.681011 0.332149 0.004127 0.017665
0 0.657787 0.330108 0.004218 0.015023
0 0.653517 0.329507 0.002509 0.014897
0 0.641646 0.328693 0.003638 0.016333
0 0.626024 0.314931 0.002249 0.011992
0 0.624357 0.323313 0.003120 0.014912
0 0.625532 0.328032 0.002883 0.016267
0 0.623264 0.327510 0.003634 0.016707
0 0.621348 0.326852 0.002922 0.016160
0 0.614816 0.322263 0.003005 0.015046
0 0.613131 0.324376 0.002898 0.014629
0 0.603832 0.325012 0.002345 0.016420
0 0.601978 0.325225 0.003152 0.016405
0 0.601557 0.322621 0.002718 0.014472
0 0.598223 0.322634 0.003049 0.013633
0 0.590102 0.319452 0.002981 0.014633
0 0.587286 0.320585 0.003610 0.014186
0 0.587028 0.323940 0.003300 0.018232
0 0.583676 0.324201 0.004487 0.015242
0 0.578848 0.325305 0.004359 0.015930
0 0.578052 0.324855 0.002183 0.013229
0 0.577563 0.324385 0.002350 0.016673
0 0.574960 0.326676 0.003105 0.005817
0 0.572544 0.326929 0.002715 0.016667
0 0.569680 0.328588 0.002421 0.014751
0 0.566110 0.330124 0.005568 0.016997
0 0.565408 0.326469 0.003057 0.017030
0 0.565563 0.317632 0.001916 0.013539
0 0.517144 0.336798 0.004071 0.014624
0 0.586616 0.303294 0.002268 0.010331
0 0.587596 0.306599 0.001065 0.006636
0 0.616072 0.300934 0.001546 0.006789
0 0.665791 0.299405 0.001474 0.004996
0 0.590238 0.304616 0.001245 0.006620
0 0.727242 0.699444 0.034243 0.099782
0 0.573150 0.564602 0.021474 0.071641
0 0.563008 0.563081 0.015430 0.035354
0 0.542163 0.796961 0.020564 0.084056
0 0.609394 0.879761 0.033262 0.156336
0 0.501422 0.337126 0.003582 0.019366
0 0.018896 0.494237 0.012358 0.052555
0 0.011232 0.494540 0.007301 0.051433
0 0.575285 0.522408 0.013994 0.073169
0 0.515277 0.508586 0.011944 0.061865
0 0.507257 0.483763 0.010225 0.055967
0 0.125933 0.478748 0.015355 0.047832
0 0.113791 0.476060 0.013873 0.050443
0 0.407511 0.939051 0.032509 0.158966
0 0.701647 0.797150 0.043764 0.141726
0 0.711661 0.803907 0.020398 0.136123
0 0.409089 0.508063 0.010166 0.046652
0 0.420256 0.494592 0.011800 0.060726
0 0.440700 0.526973 0.018384 0.058966
0 0.462152 0.496898 0.013808 0.058915
0 0.476206 0.493660 0.013219 0.060011
0 0.486177 0.493129 0.015088 0.061624
0 0.482791 0.480119 0.009818 0.055979
0 0.493713 0.758571 0.019878 0.141232
0 0.524839 0.787137 0.018550 0.075051
0 0.539436 0.733152 0.029435 0.123446
0 0.475197 0.710237 0.021424 0.125722
0 0.466817 0.663074 0.014568 0.062942
0 0.542538 0.796163 0.018889 0.079603
0 0.273528 0.352576 0.003878 0.021216
0 0.088561 0.351949 0.003038 0.011423
0 0.089053 0.349281 0.003297 0.015946
0 0.093268 0.347186 0.003297 0.015289
0 0.091634 0.346900 0.002103 0.015950
0 0.095091 0.345783 0.002421 0.014951
0 0.089265 0.344472 0.003292 0.015890
0 0.091718 0.343302 0.002340 0.012219
0 0.097890 0.340270 0.003164 0.013755
0 0.095455 0.335944 0.002856 0.014817
0 0.097606 0.331573 0.001351 0.008820
0 0.094895 0.332628 0.002098 0.011494
0 0.089290 0.329746 0.001339 0.005958
0 0.092336 0.329867 0.001446 0.008241
0 0.099606 0.334416 0.001914 0.012875
0 0.097970 0.334312 0.002347 0.009666
0 0.088394 0.338650 0.002004 0.009933
0 0.093767 0.316700 0.002277 0.009383
0 0.091807 0.315449 0.001420 0.008764
0 0.093190 0.327130 0.001963 0.008090
0 0.088920 0.334280 0.001635 0.009009
0 0.100536 0.320545 0.001212 0.003870
0 0.093239 0.330549 0.001636 0.008160
0 0.036608 0.363672 0.003743 0.016759
0 0.053511 0.378140 0.005451 0.026533
0 0.050753 0.381174 0.003821 0.018949
0 0.044221 0.377000 0.005735 0.025947
0 0.037166 0.375704 0.005341 0.022806
0 0.031796 0.381044 0.006860 0.030497
0 0.024053 0.372999 0.002844 0.025021
