0 0.243515 0.357689 0.004064 0.017302
0 0.240063 0.346977 0.004764 0.015634
0 0.234336 0.352108 0.004337 0.020106
0 0.222030 0.354145 0.003452 0.019421
0 0.219434 0.354293 0.003959 0.019506
0 0.217165 0.361888 0.003943 0.021258
0 0.216208 0.357281 0.002289 0.010999
0 0.215464 0.356084 0.003358 0.019185
0 0.216339 0.351310 0.003582 0.016535
0 0.198033 0.359356 0.003808 0.019936
0 0.135017 0.349471 0.003333 0.015028
0 0.053679 0.378962 0.004273 0.020213
0 0.049750 0.361508 0.003831 0.023451
0 0.123847 0.351524 0.003263 0.015131
0 0.121016 0.347011 0.003828 0.017287
0 0.123680 0.344713 0.002693 0.014078
0 0.126726 0.343690 0.003015 0.014059
0 0.126925 0.342987 0.002325 0.013573
0 0.119447 0.339239 0.002527 0.013433
0 0.109806 0.357662 0.004341 0.019380
0 0.108511 0.362126 0.005923 0.022254
0 0.104067 0.353233 0.003346 0.015576
0 0.099561 0.360518 0.004730 0.022015
0 0.095917 0.360449 0.005119 0.020227
0 0.031012 0.394456 0.003838 0.024305
0 0.071392 0.438506 0.008333 0.027729
0 0.088875 0.443025 0.008300 0.041190
0 0.104746 0.441769 0.007530 0.040446
0 0.118864 0.437781 0.010189 0.023889
0 0.115670 0.434618 0.005921 0.028093
0 0.128299 0.438024 0.009244 0.018051
0 0.168286 0.428503 0.010263 0.032084
0 0.168364 0.374413 0.005334 0.016005
0 0.107454 0.353999 0.002672 0.014906
0 0.244583 0.425371 0.007191 0.018377
0 0.104654 0.349246 0.002133 0.006900
0 0.094359 0.657909 0.018890 0.098050
0 0.034410 0.541041 0.013793 0.027165
0 0.214531 0.540109 0.009191 0.028371
0 0.256853 0.358437 0.003201 0.020844
0 0.259657 0.347200 0.002971 0.016918
0 0.275018 0.351882 0.003278 0.019996
0 0.277050 0.360809 0.005098 0.021642
0 0.378938 0.328779 0.003302 0.011775
0 0.352546 0.376667 0.005392 0.030262
0 0.362965 0.374961 0.004509 0.026494
0 0.372425 0.373146 0.004919 0.025063
0 0.378244 0.372421 0.004470 0.026581
0 0.380259 0.371856 0.003851 0.024648
0 0.386477 0.370496 0.004240 0.025646
0 0.387438 0.371894 0.005991 0.025007
0 0.390788 0.369844 0.003966 0.026515
0 0.392893 0.371494 0.003964 0.024214
0 0.396629 0.370530 0.005143 0.025813
0 0.400957 0.368713 0.004477 0.024766
0 0.406994 0.367718 0.004795 0.026044
0 0.416474 0.333602 0.003318 0.009800
0 0.414781 0.380934 0.005954 0.026584
0 0.475370 0.327512 0.003659 0.012058
0 0.476378 0.335401 0.004533 0.018238
0 0.432616 0.403917 0.006078 0.033249
0 0.445076 0.401829 0.008397 0.035968
0 0.459089 0.401355 0.007002 0.036768
0 0.469782 0.397793 0.007967 0.043196
0 0.408004 0.450388 0.012258 0.047348
0 0.410524 0.452791 0.006881 0.042561
0 0.427759 0.469954 0.011808 0.051468
0 0.434393 0.471761 0.008507 0.020993
0 0.441647 0.472136 0.011030 0.047883
0 0.399353 0.373297 0.006208 0.019927
0 0.524252 0.449617 0.008898 0.044864
0 0.515567 0.390427 0.006018 0.032338
0 0.535321 0.402960 0.012244 0.037121
0 0.540001 0.389861 0.005726 0.035557
0 0.536327 0.385739 0.005977 0.036797
0 0.563690 0.395539 0.008513 0.032469
0 0.564027 0.388643 0.004196 0.032088
0 0.572206 0.393569 0.009647 0.034194
0 0.572184 0.393233 0.006366 0.040163
0 0.577730 0.402277 0.007042 0.022116
0 0.583371 0.394650 0.007328 0.038151
0 0.589593 0.394962 0.005841 0.033843
0 0.597422 0.392692 0.006752 0.037173
0 0.601748 0.397866 0.007405 0.037951
0 0.603713 0.399736 0.005879 0.036260
0 0.620476 0.397274 0.006542 0.036536
0 0.664542 0.361550 0.005090 0.027528
0 0.666888 0.367004 0.003647 0.017158
0 0.670844 0.360431 0.004875 0.023832
0 0.679628 0.366218 0.005216 0.028684
0 0.683493 0.367238 0.005158 0.028174
0 0.687076 0.358438 0.004459 0.013638
0 0.687813 0.364886 0.005984 0.030113
0 0.692700 0.361649 0.003741 0.014552
0 0.694438 0.365596 0.005231 0.028693
0 0.697432 0.363350 0.004231 0.026737
0 0.699560 0.367027 0.004063 0.027479
0 0.697697 0.368559 0.004798 0.024161
0 0.705968 0.369927 0.006238 0.025826
0 0.706574 0.367129 0.005455 0.027078
0 0.708545 0.367002 0.005111 0.029206
0 0.713449 0.367334 0.005124 0.029087
0 0.717475 0.367112 0.005318 0.027943
0 0.723324 0.368748 0.005871 0.031584
0 0.696234 0.331172 0.003239 0.018309
0 0.694594 0.331414 0.004243 0.018888
0 0.690992 0.331736 0.003424 0.018109
0 0.729664 0.301523 0.002141 0.012166
0 0.668015 0.323658 0.003978 0.010990
0 0.644910 0.316727 0.002239 0.008339
0 0.633182 0.314905 0.002844 0.014364
0 0.629833 0.315811 0.002859 0.013438
0 0.602123 0.321845 0.004056 0.013824
0 0.605042 0.318115 0.003829 0.017314
0 0.601538 0.311610 0.002579 0.011833
0 0.604228 0.310050 0.002984 0.011679
0 0.607385 0.301916 0.001474 0.007267
0 0.613892 0.301535 0.001739 0.008893
0 0.615101 0.301874 0.001342 0.007509
0 0.575135 0.303276 0.002080 0.008292
0 0.565998 0.315513 0.001964 0.012323
0 0.565349 0.315759 0.002346 0.012186
0 0.563599 0.327566 0.002417 0.015179
0 0.564816 0.330498 0.004075 0.017155
0 0.566749 0.328614 0.003115 0.018037
0 0.571241 0.325204 0.003183 0.015671
0 0.573427 0.325274 0.003543 0.015235
0 0.576177 0.323242 0.004157 0.015743
0 0.572205 0.321389 0.002785 0.015591
0 0.590510 0.320356 0.002921 0.013518
0 0.539029 0.314842 0.002344 0.012125
0 0.534634 0.314989 0.002537 0.010985
0 0.530445 0.315583 0.002968 0.012443
0 0.527454 0.316303 0.003419 0.011729
0 0.527218 0.316730 0.002252 0.011301
0 0.515533 0.316148 0.001952 0.011510
0 0.514188 0.316871 0.001670 0.010642
0 0.508536 0.334989 0.004222 0.016908
0 0.508512 0.334725 0.003241 0.010917
0 0.519931 0.332604 0.002922 0.015512
0 0.521322 0.333221 0.002523 0.014848
0 0.523209 0.336292 0.002840 0.013173
0 0.523793 0.333361 0.002067 0.009789
0 0.516221 0.638217 0.020213 0.106344
0 0.513035 0.561710 0.014155 0.083422
0 0.528240 0.559653 0.015671 0.075973
0 0.555954 0.597093 0.018410 0.088485
0 0.575403 0.594763 0.019432 0.095918
0 0.592932 0.591653 0.020068 0.101408
0 0.567241 0.569999 0.015907 0.086776
0 0.498800 0.523158 0.014715 0.064432
0 0.252544 0.355043 0.004529 0.019905
0 0.250136 0.356635 0.003763 0.018158
0 0.765460 0.988656 0.040270 0.196528
0 0.913330 1.000000 0.032596 0.151255
0 0.504039 0.643795 0.017906 0.100938
0 0.511362 0.778587 0.021741 0.142467
0 0.087804 0.344519 0.003890 0.015447
0 0.092827 0.329780 0.001928 0.008330
0 0.094539 0.329415 0.001384 0.007144
0 0.093452 0.332899 0.001944 0.009837
0 0.095314 0.332839 0.002050 0.011533
0 0.097307 0.332171 0.001734 0.010453
0 0.093958 0.337730 0.003863 0.012405
0 0.098928 0.339628 0.003058 0.011341
0 0.088786 0.337703 0.001700 0.011925
0 0.096098 0.352441 0.001599 0.006315
