0 0.028519 0.543291 0.024593 0.030664
0 0.212205 0.530040 0.007643 0.037225
0 0.230893 0.537788 0.017198 0.032733
0 0.172861 0.634925 0.030623 0.085613
0 0.411311 0.568531 0.017623 0.079866
0 0.453764 0.604281 0.017457 0.094822
0 0.482027 0.573872 0.019380 0.078670
0 0.484090 0.598130 0.013992 0.047630
0 0.444569 0.625866 0.013493 0.068682
0 0.585550 0.888048 0.042343 0.150457
0 0.607214 0.861539 0.038094 0.088391
0 0.520028 0.660916 0.019196 0.107863
0 0.521473 0.577845 0.017681 0.084410
0 0.534465 0.579237 0.017055 0.086433
0 0.549931 0.591920 0.015553 0.090782
0 0.565948 0.594350 0.016493 0.087496
0 0.601167 0.661777 0.021977 0.100606
0 0.627978 0.558632 0.020146 0.093429
0 0.664044 0.627937 0.028481 0.087352
0 0.374395 0.968324 0.026518 0.147676
0 0.512666 0.317476 0.003340 0.009434
0 0.563477 0.324808 0.002400 0.016944
0 0.565446 0.325962 0.003103 0.016442
0 0.569423 0.327663 0.002222 0.011942
0 0.572794 0.326127 0.002487 0.014827
0 0.577996 0.324038 0.002384 0.016274
0 0.579488 0.322606 0.003629 0.011680
0 0.578124 0.324593 0.001624 0.013193
0 0.570870 0.302895 0.002772 0.007970
0 0.585712 0.303124 0.001714 0.010379
0 0.587718 0.306732 0.001533 0.007179
0 0.604084 0.316742 0.003242 0.013330
0 0.598672 0.321974 0.004471 0.015835
0 0.629546 0.315526 0.001877 0.013423
0 0.644116 0.313436 0.002487 0.014402
0 0.646958 0.330632 0.002828 0.015192
0 0.649730 0.330462 0.003558 0.016637
0 0.659166 0.330489 0.003107 0.016967
0 0.657394 0.331202 0.003821 0.017384
0 0.665902 0.331683 0.002801 0.015093
0 0.667374 0.332163 0.004607 0.016581
0 0.668127 0.330841 0.003340 0.016228
0 0.681356 0.333118 0.003904 0.019238
0 0.725082 0.337112 0.003143 0.018376
0 0.737851 0.332019 0.003665 0.017730
0 0.737365 0.339777 0.006441 0.019547
0 0.564896 0.389545 0.007350 0.031995
0 0.565771 0.392418 0.005253 0.036335
0 0.569753 0.400824 0.006763 0.034978
0 0.677056 0.365636 0.007311 0.024665
0 0.699769 0.370132 0.005158 0.022825
0 0.700583 0.373725 0.004113 0.026611
0 0.704160 0.373491 0.009731 0.031008
0 0.703546 0.367422 0.006804 0.032538
0 0.708589 0.368065 0.007713 0.030505
0 0.714357 0.370638 0.005426 0.028146
0 0.418371 0.442715 0.008572 0.047976
0 0.437284 0.439270 0.013664 0.048062
0 0.435078 0.430627 0.009030 0.030291
0 0.430266 0.408644 0.006197 0.035896
0 0.436769 0.409517 0.007748 0.033433
0 0.469322 0.453031 0.012133 0.053586
0 0.477499 0.465469 0.007682 0.028618
0 0.483748 0.455286 0.010242 0.052000
0 0.472045 0.438330 0.008406 0.040430
0 0.479929 0.433985 0.010326 0.042733
0 0.478340 0.428299 0.008982 0.044297
0 0.482027 0.407401 0.008353 0.040568
0 0.472632 0.409852 0.005348 0.025453
0 0.468125 0.404864 0.007555 0.035903
0 0.474121 0.401665 0.006339 0.032011
0 0.461621 0.414108 0.008466 0.036211
0 0.455287 0.402366 0.005424 0.029693
0 0.461103 0.400542 0.005660 0.033099
0 0.448496 0.399784 0.007111 0.032208
0 0.440553 0.401452 0.007629 0.031308
0 0.438303 0.391954 0.006673 0.025275
0 0.448180 0.387818 0.009159 0.028378
0 0.459916 0.394062 0.004384 0.031347
0 0.460520 0.379791 0.008164 0.029020
0 0.467320 0.379389 0.006218 0.028892
0 0.453911 0.376038 0.004667 0.024072
0 0.443942 0.384140 0.003429 0.022439
0 0.440950 0.379459 0.004873 0.026139
0 0.435717 0.383325 0.003763 0.020413
0 0.437618 0.380602 0.003423 0.021885
0 0.438123 0.375411 0.005910 0.026990
0 0.435932 0.374166 0.004773 0.026513
0 0.426820 0.373205 0.007071 0.027526
0 0.421504 0.370949 0.004781 0.025574
0 0.416836 0.370271 0.004299 0.024486
0 0.417928 0.364041 0.002529 0.012311
0 0.415361 0.369539 0.003714 0.023514
0 0.412475 0.368721 0.004029 0.024743
0 0.418738 0.365023 0.005286 0.021879
0 0.407888 0.370396 0.005729 0.025331
0 0.407064 0.375773 0.004757 0.024791
0 0.397912 0.377959 0.003946 0.018799
0 0.394869 0.379035 0.004879 0.027857
0 0.391379 0.381205 0.006711 0.033170
0 0.397882 0.370668 0.005960 0.024072
0 0.391267 0.372453 0.004822 0.020604
0 0.390909 0.369068 0.005896 0.020101
0 0.385395 0.369529 0.004425 0.028432
0 0.384423 0.372286 0.005289 0.026849
0 0.381142 0.373649 0.005985 0.027650
0 0.378957 0.370406 0.004886 0.025834
0 0.377265 0.372610 0.003989 0.026584
0 0.375933 0.371103 0.003791 0.026499
0 0.374066 0.373462 0.005444 0.025161
0 0.372833 0.377560 0.006503 0.024327
0 0.364885 0.379590 0.006423 0.023095
0 0.361985 0.379668 0.007545 0.024700
0 0.353822 0.375881 0.006399 0.027336
0 0.348702 0.375687 0.005271 0.030553
0 0.274657 0.360304 0.002966 0.018938
0 0.273356 0.361801 0.003385 0.020188
0 0.256131 0.357378 0.003484 0.019259
0 0.466884 0.338252 0.002432 0.013155
0 0.473014 0.339174 0.005366 0.014702
0 0.472952 0.337568 0.002559 0.009659
0 0.475850 0.336990 0.004543 0.014366
0 0.472839 0.335656 0.002737 0.014312
0 0.475937 0.335499 0.002448 0.014054
0 0.477532 0.334250 0.002742 0.016035
0 0.479336 0.336606 0.002927 0.016731
0 0.481073 0.334864 0.002428 0.015267
0 0.482484 0.337718 0.002360 0.017761
0 0.484091 0.337264 0.002736 0.017647
0 0.485362 0.336416 0.002289 0.015714
0 0.488333 0.336967 0.003312 0.023601
0 0.492262 0.334803 0.002611 0.018649
0 0.493397 0.336216 0.002950 0.016408
0 0.496480 0.336872 0.002837 0.018853
0 0.495830 0.336572 0.002199 0.017347
0 0.497968 0.337049 0.002437 0.017280
0 0.467268 0.332894 0.002809 0.017186
0 0.469647 0.335049 0.002494 0.016671
0 0.473286 0.333421 0.003754 0.016414
0 0.414027 0.335916 0.002928 0.007941
0 0.383222 0.329111 0.004007 0.011021
0 0.393695 0.339222 0.002699 0.007363
0 0.473415 0.353718 0.007534 0.015216
0 0.935748 1.000000 0.042440 0.240814
0 0.979083 1.000000 0.041743 0.236649
0 0.089629 0.339247 0.001952 0.010208
0 0.094538 0.338394 0.002716 0.011298
0 0.097827 0.340461 0.002887 0.013468
0 0.085217 0.346126 0.003337 0.015567
0 0.091703 0.344275 0.002442 0.014474
0 0.096169 0.346755 0.004623 0.017461
0 0.093724 0.348298 0.002949 0.016722
0 0.088063 0.352753 0.004523 0.016718
0 0.109955 0.350810 0.003441 0.019508
0 0.124869 0.343559 0.003346 0.015876
0 0.119120 0.349171 0.004003 0.015218
0 0.121349 0.349060 0.003103 0.014764
0 0.120290 0.353760 0.003070 0.018266
0 0.127609 0.356093 0.003264 0.017305
0 0.132914 0.354359 0.004266 0.015363
0 0.149243 0.356004 0.003774 0.017736
0 0.146794 0.358256 0.002589 0.013971
0 0.136613 0.364345 0.004654 0.018975
0 0.135270 0.367956 0.005753 0.022699
0 0.042641 0.356325 0.005356 0.021624
0 0.183535 0.354862 0.002801 0.017687
0 0.186242 0.354195 0.005454 0.020029
0 0.203176 0.360972 0.005877 0.020711
0 0.203620 0.356854 0.002168 0.007996
0 0.216755 0.356605 0.005416 0.020138
0 0.221843 0.356068 0.005130 0.018524
0 0.229918 0.345181 0.003544 0.017983
0 0.228202 0.349991 0.003196 0.017474
0 0.240793 0.344855 0.003784 0.016361
0 0.243223 0.345500 0.002809 0.014460
0 0.247810 0.348757 0.003531 0.017635
0 0.219688 0.447796 0.011841 0.036015
0 0.241396 0.455019 0.013174 0.040176
0 0.094090 0.324977 0.001181 0.006320
0 0.093650 0.350937 0.002599 0.011372
0 0.377664 0.475574 0.012095 0.053560
0 0.768444 0.883708 0.047036 0.160182
0 0.436540 0.520853 0.016245 0.072602
0 0.448454 0.519209 0.012009 0.068724
0 0.454696 0.510224 0.011549 0.063709
0 0.464112 0.508453 0.013136 0.064377
0 0.499454 0.324729 0.003762 0.009753
0 0.501483 0.392874 0.008340 0.032740
0 0.496869 0.598345 0.013617 0.053719
0 0.011513 0.496254 0.018276 0.050786
