0 0.071912 0.395364 0.007846 0.021323
0 0.097837 0.334568 0.002948 0.010092
0 0.094986 0.350860 0.003883 0.017104
0 0.099904 0.359050 0.004319 0.019831
0 0.105573 0.357535 0.004571 0.019560
0 0.108315 0.355271 0.003374 0.015714
0 0.109990 0.348344 0.003612 0.016279
0 0.122978 0.352171 0.004119 0.016668
0 0.124514 0.359624 0.003451 0.017509
0 0.137721 0.346481 0.003612 0.015476
0 0.127978 0.353371 0.003022 0.013547
0 0.130590 0.357580 0.004014 0.020242
0 0.131830 0.355442 0.005849 0.021016
0 0.134097 0.365697 0.005608 0.022426
0 0.137281 0.364680 0.004963 0.021098
0 0.144154 0.364498 0.005690 0.020526
0 0.145375 0.363470 0.005086 0.018607
0 0.214376 0.361483 0.004673 0.018147
0 0.218237 0.366142 0.002921 0.011081
0 0.219207 0.363070 0.006045 0.018671
0 0.222546 0.357191 0.003526 0.016526
0 0.223882 0.361359 0.005081 0.021550
0 0.227263 0.351014 0.004289 0.020103
0 0.227921 0.344401 0.003989 0.017383
0 0.230448 0.344874 0.004072 0.016184
0 0.233883 0.358952 0.002884 0.014361
0 0.235336 0.357629 0.004113 0.016426
0 0.237269 0.359538 0.002469 0.015596
0 0.240579 0.361420 0.002558 0.009849
0 0.240200 0.355364 0.003253 0.016727
0 0.243586 0.357140 0.005581 0.017422
0 0.246397 0.356035 0.004179 0.019531
0 0.190176 0.381929 0.006924 0.023390
0 0.104758 0.436623 0.007979 0.030463
0 0.117883 0.432292 0.011980 0.023538
0 0.129621 0.430180 0.012522 0.019839
0 0.213077 0.353578 0.005283 0.017638
0 0.028772 0.543458 0.024799 0.030711
0 0.213834 0.542515 0.006535 0.032771
0 0.230821 0.543525 0.010853 0.041826
0 0.493740 0.336991 0.002954 0.018561
0 0.485973 0.336410 0.003169 0.017461
0 0.485758 0.335983 0.002827 0.018177
0 0.483250 0.337350 0.004071 0.017524
0 0.490451 0.414459 0.010276 0.031751
0 0.487939 0.423476 0.008901 0.039651
0 0.469332 0.467420 0.010278 0.052070
0 0.448400 0.422488 0.006951 0.038221
0 0.441996 0.422906 0.005745 0.037892
0 0.436833 0.444962 0.009414 0.055012
0 0.422082 0.449796 0.009808 0.047257
0 0.418186 0.456793 0.009169 0.044821
0 0.405088 0.458651 0.009319 0.048910
0 0.407545 0.401297 0.005281 0.031592
0 0.416235 0.384520 0.005389 0.028800
0 0.423744 0.383849 0.004597 0.027935
0 0.428058 0.382384 0.005590 0.029394
0 0.391084 0.376971 0.005435 0.026962
0 0.390341 0.369747 0.004597 0.026705
0 0.377067 0.372120 0.004296 0.026749
0 0.372150 0.372877 0.005286 0.026434
0 0.353232 0.376823 0.005728 0.030358
0 0.392771 0.347868 0.005018 0.020210
0 0.388008 0.349511 0.002929 0.018580
0 0.382000 0.350709 0.002840 0.015926
0 0.373586 0.350534 0.003996 0.020626
0 0.354832 0.350258 0.005351 0.022425
0 0.336472 0.359142 0.004287 0.021259
0 0.332319 0.360970 0.002810 0.022270
0 0.321698 0.360862 0.003468 0.019670
0 0.259678 0.347279 0.003037 0.017020
0 0.255812 0.360496 0.003804 0.022722
0 0.379064 0.328751 0.003533 0.010768
0 0.471554 0.550008 0.018002 0.072219
0 0.513011 0.317183 0.001670 0.010214
0 0.515837 0.315697 0.001935 0.011539
0 0.516893 0.316296 0.003119 0.011402
0 0.517926 0.315858 0.002029 0.010632
0 0.528010 0.311744 0.002654 0.010670
0 0.535153 0.315526 0.002116 0.011297
0 0.538065 0.315356 0.002717 0.012922
0 0.539664 0.316344 0.001870 0.011438
0 0.518013 0.335522 0.004373 0.016902
0 0.507309 0.391195 0.007078 0.031966
0 0.530475 0.394206 0.005601 0.033925
0 0.538127 0.384378 0.008347 0.033544
0 0.539296 0.389630 0.005180 0.036214
0 0.562841 0.390414 0.005226 0.037596
0 0.571187 0.393715 0.009005 0.034040
0 0.571740 0.393284 0.006903 0.039728
0 0.577261 0.402322 0.006744 0.022123
0 0.582930 0.394552 0.007458 0.038181
0 0.586380 0.395010 0.005605 0.034241
0 0.594843 0.393572 0.005596 0.037509
0 0.601569 0.398105 0.007430 0.037733
0 0.603946 0.399992 0.006580 0.035922
0 0.617546 0.398057 0.007681 0.037030
0 0.664816 0.361052 0.005206 0.028331
0 0.667314 0.366943 0.004975 0.017511
0 0.670894 0.361412 0.004910 0.028780
0 0.675158 0.365080 0.005791 0.031093
0 0.677638 0.362261 0.005379 0.029752
0 0.680387 0.366446 0.005081 0.030273
0 0.683477 0.368284 0.003852 0.030364
0 0.686914 0.360093 0.004867 0.017820
0 0.687162 0.365401 0.005517 0.032506
0 0.690830 0.366837 0.005414 0.026701
0 0.692735 0.362215 0.003932 0.016729
0 0.694464 0.366318 0.005988 0.030280
0 0.697271 0.369383 0.005345 0.025989
0 0.699733 0.367258 0.005129 0.028111
0 0.705749 0.369539 0.006507 0.026523
0 0.706717 0.366901 0.004082 0.026398
0 0.708752 0.364681 0.005462 0.024892
0 0.713603 0.367777 0.005536 0.030197
0 0.723064 0.368831 0.005226 0.031507
0 0.736125 0.369699 0.006791 0.029572
0 0.727742 0.347067 0.004670 0.021592
0 0.690398 0.333485 0.004402 0.020232
0 0.694155 0.333234 0.003484 0.019895
0 0.696959 0.331931 0.003178 0.019913
0 0.607193 0.300035 0.000908 0.005239
0 0.576770 0.573454 0.017354 0.081312
0 0.595981 0.570678 0.013741 0.030872
0 0.609877 0.576763 0.018305 0.077036
0 0.722648 0.636699 0.020502 0.096897
0 0.769384 0.551133 0.023294 0.075229
0 0.782800 0.544720 0.016439 0.076999
0 0.904586 0.876312 0.057448 0.177436
0 0.428473 0.489622 0.014874 0.057153
0 0.418940 0.491742 0.010115 0.053344
0 0.429097 0.537134 0.010022 0.065676
0 0.424413 0.536331 0.019136 0.074658
0 0.533172 0.487765 0.012635 0.054281
0 0.491039 0.583941 0.019392 0.079093
0 0.249575 0.355136 0.003798 0.019222
0 0.251676 0.354635 0.005217 0.018519
0 0.035941 0.732710 0.031505 0.122335
0 0.650545 0.758275 0.025094 0.139090
0 0.653065 0.746249 0.030136 0.115488
0 0.086220 0.432928 0.003549 0.022039
0 0.089250 0.432758 0.003648 0.021635
0 0.091761 0.433355 0.003496 0.019978
0 0.133856 0.355035 0.003870 0.016210
0 0.137601 0.359264 0.003613 0.020356
0 0.131921 0.353975 0.005281 0.016962
0 0.088955 0.330882 0.003115 0.010887
0 0.092592 0.327992 0.001876 0.004983
0 0.089841 0.332849 0.002450 0.007473
0 0.092923 0.333321 0.003471 0.008415
0 0.094468 0.333090 0.001461 0.006422
0 0.095910 0.334189 0.002048 0.008725
0 0.096353 0.337817 0.001987 0.009164
0 0.094648 0.330411 0.002185 0.009226
0 0.096814 0.331754 0.001579 0.008752
0 0.091685 0.344630 0.003021 0.012409
0 0.588761 0.330988 0.004560 0.012881
